3.563384116174988403e+00
1.100122207831821797e+01
1.021037807594338176e+01
1.021037807594338176e+01
7.222865424984683536e+00
1.377833751151878339e+01
1.303628576635156477e+01
1.929261527021577649e+01
7.222865424984683536e+00
1.319569267935777113e+01
5.391382233582253214e+00
1.150072522632386374e+01
1.742076201270239366e+01
9.975481961522234542e+00
1.236026336240808199e+01
1.128629717053076220e+01
1.083066514364852395e+01
1.553137667710294600e+01
1.193012521810958582e+01
1.492912592635599012e+01
1.169892101200314727e+01
1.123727955317836091e+01
1.301360375818689086e+01
7.428062320766848359e+00
1.319569267935777113e+01
5.391382233582253214e+00
1.168156893288041687e+01
1.301360375818689086e+01
7.428062320766848359e+00
6.859135646147523246e+00
1.168156893288041687e+01
1.041175703862924884e+01
1.303628576635156477e+01
1.100122207831821797e+01
1.150889836294400759e+01
9.638946858138803364e+00
9.975481961522234542e+00
1.139727268632519852e+01
9.028695090019438041e+00
7.340921301881968120e+00
1.262014446286360680e+01
1.101558743065960577e+01
1.193012521810958582e+01
1.229253262311392447e+01
1.128629717053076220e+01
1.372767726362884844e+01
1.101558743065960577e+01
1.372767726362884844e+01
1.225847266240116795e+01
1.307852823229646688e+01
1.123727955317836091e+01
9.627324185706980231e+00
3.563384116174988403e+00
1.129495601672790883e+01
9.134868512851534561e+00
1.308845781503288030e+01
1.085473157315742831e+01
1.069621360025811718e+01
8.693342637347512891e+00
8.693342637347512891e+00
9.638946858138803364e+00
1.553137667710294600e+01
9.627324185706980231e+00
1.089446596714742554e+01
9.742544275668363341e+00
9.134868512851534561e+00
1.281514326864320452e+01
1.229253262311392447e+01
1.517239944415498343e+01
1.065204444603249812e+01
1.357719329050531876e+01
7.405633040678008427e+00
1.089446596714742554e+01
1.199585461538087827e+01
1.225847266240116795e+01
1.055911648733003183e+01
1.281514326864320452e+01
1.111779396439258072e+01
7.243547249241236052e+00
9.921672933177424270e+00
1.505064875667018320e+01
6.106841450255903858e+00
1.055911648733003183e+01
1.128522179579730889e+01
9.742544275668363341e+00
1.118313080482016098e+01
1.214238102355721338e+01
1.245046109991297811e+01
1.053637653590384282e+01
1.053637653590384282e+01
1.373751256237865626e+01
1.412799954541164915e+01
1.028711283339177918e+01
7.243547249241236052e+00
1.312270637296843923e+01
1.246309026535353226e+01
1.065204444603249812e+01
1.199585461538087827e+01
6.106841450255903858e+00
1.127604378032713939e+01
1.028711283339177918e+01
9.921672933177424270e+00
9.689757295790251135e+00
1.034033903816549227e+01
1.214238102355721338e+01
1.418306188555896341e+01
1.076274878921495137e+01
1.119234024081120715e+01
1.044182587065892598e+01
1.110519805096449986e+01
1.145457353485528884e+01
9.673816972073375098e+00
1.111721128890389565e+01
1.112249067864129159e+01
1.186065098312594834e+01
1.030888729993668207e+01
9.689757295790251135e+00
7.405633040678008427e+00
1.444151188643021655e+01
1.334170575693502414e+01
9.692857422302784798e+00
2.154185988054721435e+01
1.295009613246777747e+01
9.620520061187312066e+00
1.334170575693502414e+01
1.159811336660236769e+01
1.245046109991297811e+01
8.443407056024415880e+00
1.199715539920944707e+01
1.127604378032713939e+01
1.548014435682896028e+01
9.692857422302784798e+00
1.586167765004389096e+01
1.143196267494805696e+01
9.673816972073375098e+00
8.443407056024415880e+00
1.295656047367273977e+01
7.976110885042339227e+00
9.620520061187312066e+00
1.724002378934012825e+01
9.413812398311240059e+00
1.212642846357442927e+01
1.214181272687168445e+01
1.458506871325257848e+01
1.301036039046437942e+01
1.162449458858706208e+01
1.388085867975813592e+01
1.111721128890389565e+01
1.548014435682896028e+01
1.375331850411628842e+01
1.195857653765191309e+01
1.044182587065892598e+01
7.667247652907933642e+00
8.679776058508583247e+00
7.722060754061678800e+00
1.021466578849441120e+01
9.023361156338957301e+00
7.976110885042339227e+00
9.742829684723432138e+00
1.266458586579463308e+01
1.485469520383072428e+01
1.395880983868286407e+01
9.421016778395252089e+00
9.023361156338957301e+00
1.303489714442484093e+01
9.837863139695775416e+00
7.667247652907933642e+00
1.652565874180142913e+01
1.242223428658620499e+01
1.534558468391177932e+01
1.363563331494144570e+01
1.021466578849441120e+01
6.327375643600015032e+00
1.329618406208547476e+01
7.722060754061678800e+00
1.189757957703290892e+01
1.188080244570685373e+01
9.845805388744439668e+00
1.028746475557612250e+01
1.125411825129472732e+01
4.967849668612347003e+00
9.837863139695775416e+00
9.421016778395252089e+00
9.486348383287397823e+00
1.336281335609931631e+01
7.755737429990814391e+00
8.540325834053533072e+00
1.028746475557612250e+01
4.967849668612347003e+00
1.005116661307780390e+01
1.252945763970870630e+01
1.388085867975813592e+01
9.554140424630150008e+00
9.916343327348457137e+00
1.121319623723425529e+01
1.230509464731253821e+01
1.320508996278237213e+01
1.039282412112235043e+01
9.634702218010570363e+00
1.260460471361832546e+01
1.369655630011382641e+01
7.755737429990814391e+00
1.275806364546654770e+01
1.120008782971433803e+01
1.077680241694525165e+01
1.276141880099241099e+01
1.035796324980383964e+01
1.199075917069552766e+01
1.125411825129472732e+01
8.873579036055760483e+00
9.241587899270587769e+00
9.822681534904170064e+00
7.523304022363880073e+00
1.036753708788638306e+01
1.005116661307780390e+01
8.697790468506031658e+00
1.234841347335017581e+01
1.343076932819461433e+01
9.900060794052079061e+00
9.900060794052079061e+00
8.010416896630456307e+00
1.189757957703290892e+01
1.110109393511895703e+01
1.158694112444552893e+01
1.420333008713991774e+01
9.399225682797512249e+00
1.039282412112235043e+01
8.411345261956688191e+00
8.863479708362998366e+00
9.675934683419262328e+00
1.099642687886672476e+01
1.412697735337676797e+01
1.269035329849149818e+01
1.167028503978107246e+01
1.189780136094969798e+01
8.411345261956688191e+00
9.916343327348457137e+00
1.090487515899486404e+01
1.097201317802842269e+01
7.523304022363880073e+00
8.863479708362998366e+00
9.675934683419262328e+00
1.371534782334359193e+01
7.426175751543371284e+00
1.038451264121654560e+01
9.399225682797512249e+00
1.036753708788638306e+01
8.697790468506031658e+00
9.822681534904170064e+00
9.962638464028703567e+00
1.155599796392169054e+01
1.172288292981242463e+01
6.534605711965742358e+00
6.534605711965742358e+00
1.110109393511895703e+01
1.149624684500939686e+01
1.097201317802842269e+01
1.250397507549287113e+01
8.705502958888443388e+00
1.138137623750824190e+01
7.426175751543371284e+00
8.549007811394078615e+00
1.411448380789331836e+01
9.877640947888236767e+00
9.636844293957112839e+00
7.913899764291348227e+00
7.913899764291348227e+00
1.022878434186918817e+01
1.261692817689028701e+01
8.705502958888443388e+00
9.293948578713870035e+00
1.233551676137449249e+01
8.549007811394078615e+00
1.024001202391284515e+01
1.104357381511465874e+01
1.163401901519824122e+01
9.000541475351415244e+00
1.005594500461902996e+01
1.092720090275047440e+01
1.198735022204775547e+01
1.109395525794077564e+01
1.717997521713022735e+01
1.336995259674103131e+01
9.887128751629612466e+00
8.258685856797079339e+00
9.441205952658865641e+00
1.234412100267637591e+01
1.066591795970286682e+01
1.016093648103945490e+01
1.022878434186918817e+01
1.038451264121654560e+01
9.441205952658865641e+00
1.016093648103945490e+01
1.414349098239391012e+01
1.414349098239391012e+01
8.807850409903519306e+00
9.293948578713870035e+00
1.002100583663457556e+01
1.001179966268303545e+01
1.351430858851752426e+01
8.258685856797079339e+00
9.887128751629612466e+00
1.440991208712181937e+01
1.408963759307422769e+01
1.138434617773171809e+01
1.005594500461902996e+01
3.311899779074898298e+00
1.175539861394648433e+01
1.334054501994142683e+01
9.000541475351415244e+00
7.171816462047893026e+00
1.111354868892431469e+01
1.211985040001864711e+01
3.311899779074898298e+00
1.159697864020035674e+01
8.560993781124626167e+00
1.092126157699202338e+01
7.480033636440492018e+00
7.171816462047893026e+00
4.071227633503964327e+00
1.113673882272644100e+01
1.239085350351994030e+01
4.071227633503964327e+00
1.058457469732873868e+01
1.441299404267879680e+01
1.120581311636663280e+01
8.560993781124626167e+00
9.669096466765354947e+00
1.807859287046554542e+01
1.217536338988033329e+01
1.129587667390519634e+01
1.439162946440425728e+01
7.480033636440492018e+00
1.446168884600688997e+01
1.106677197262916934e+01
1.137489229407421654e+01
1.217536338988033329e+01
8.636378002214080141e+00
8.237902813625582965e+00
9.847922949504932078e+00
1.061884058259848373e+01
1.106677197262916934e+01
1.175539861394648433e+01
1.438991144433030911e+01
1.184901286508481277e+01
1.092126157699202338e+01
1.260052679159861277e+01
9.847922949504932078e+00
1.239085350351994030e+01
9.762585936731737135e+00
1.145032519689947925e+01
1.195269154037378456e+01
9.669096466765354947e+00
8.636378002214080141e+00
1.120581311636663280e+01
1.061884058259848373e+01
1.135912900826977534e+01
1.546556306225617483e+01
1.127627707179464522e+01
1.057868228195720484e+01
1.137489229407421654e+01
1.160826230349960575e+01
1.073849637728348760e+01
1.239755469926361720e+01
8.300268905278471721e+00
1.277598659529595082e+01
8.177778774649354432e+00
1.080130725824395199e+01
8.241133214737537571e+00
5.066925250921213930e+00
9.762585936731737135e+00
5.066925250921213930e+00
1.184901286508481277e+01
1.280017332820231601e+01
1.245265536790745031e+01
1.160451485293202722e+01
1.062869525268206772e+01
1.181627951431650558e+01
1.218839784741607701e+01
1.138526606310605693e+01
1.160826230349960575e+01
1.280017332820231601e+01
9.782415726613551854e+00
1.083055405436800811e+01
9.925883682161076749e+00
8.241133214737537571e+00
8.300268905278471721e+00
9.175675153551669183e+00
8.177778774649354432e+00
1.378234781445799761e+01
1.030048751557001019e+01
9.460365527746258607e+00
1.041480000901834302e+01
9.790446028894038477e+00
9.230878902882727388e+00
9.721890176580400222e+00
9.175675153551669183e+00
1.160874002749535627e+01
1.080130725824395199e+01
8.449510119304390443e+00
1.218839784741607701e+01
9.790446028894038477e+00
9.096126922022770955e+00
7.976110885042339227e+00
9.649097653539346453e+00
1.124913622158811854e+01
1.026095971769230886e+01
1.138526606310605693e+01
9.902085111193226652e+00
1.283439032240105604e+01
9.809994821200419324e+00
8.449510119304390443e+00
9.460365527746258607e+00
7.976110885042339227e+00
8.390291364494567361e+00
1.108394079465558058e+01
9.721890176580400222e+00
1.102040637933049894e+01
1.067556244790633713e+01
1.160874002749535627e+01
1.076318434484019448e+01
1.047314668408514216e+01
8.002833151473220497e+00
1.104978417045310302e+01
9.230878902882727388e+00
1.380124877166043440e+01
8.812339720986887670e+00
7.988478021070740454e+00
5.391382233582251438e+00
1.137505586188057904e+01
1.462437883249924653e+01
1.060344285611916071e+01
9.649097653539346453e+00
1.243843497122630204e+01
1.270073974223085145e+01
1.330938664863928089e+01
5.391382233582251438e+00
1.137505586188057904e+01
4.683733584788178028e+00
8.544761651923501233e+00
1.000922922354896016e+01
9.902085111193226652e+00
8.002833151473220497e+00
1.870637516594425520e+01
4.683733584788178028e+00
1.051279717774960965e+01
1.000922922354896016e+01
8.443720800283269767e+00
1.141231120389322307e+01
1.063415334306222881e+01
1.013429327865879337e+01
8.812339720986887670e+00
1.102040637933049894e+01
1.384008086046348929e+01
8.883441923038253307e+00
9.107724392455970985e+00
1.285007397727919631e+01
1.071018298111875744e+01
9.717716275207493482e+00
1.031769183285311087e+01
1.301317451456780638e+01
6.935159962161069558e+00
1.394213555792276615e+01
8.414054771196854077e+00
1.086032109448099980e+01
1.270073974223085145e+01
1.230620922729463551e+01
1.140692553684626276e+01
8.443720800283269767e+00
1.013429327865879337e+01
1.301317451456780638e+01
1.071364994097220347e+01
1.469247818802810990e+01
9.107724392455970985e+00
1.132844021547739111e+01
9.256058402305852084e+00
1.092268190341965095e+01
1.100280858389077743e+01
1.168713821534768726e+01
6.935159962161069558e+00
9.256058402305852084e+00
6.327375643600015032e+00
1.486599051990463849e+01
1.397196628183882972e+01
1.031769183285311087e+01
1.063783660790062768e+01
6.327375643600015032e+00
1.035975009253513690e+01
1.086032109448099980e+01
1.187213291217198474e+01
7.811100006763756376e+00
1.126871648904182166e+01
1.071018298111875744e+01
9.822965360879003072e+00
7.604559107373935589e+00
1.229756072667421662e+01
1.450588709885384908e+01
1.259156246461748374e+01
1.111797544491806278e+01
1.269255506344181406e+01
8.651763721385547612e+00
1.234272173446333376e+01
1.513124829817584960e+01
1.223154869729541971e+01
1.154988318093524846e+01
6.027748583487282374e+00
1.224080093138907088e+01
9.262404716812776329e+00
9.456401851680748649e+00
1.046578783028934367e+01
1.269255506344181406e+01
1.243721638634228910e+01
5.391382233582251438e+00
1.507843967135539209e+01
1.443852234471207296e+01
1.063783660790062768e+01
1.114806154644928604e+01
1.223154869729541971e+01
1.748282379111320139e+01
1.257738209127717788e+01
1.126871648904182166e+01
5.751655354961311417e+00
8.651763721385547612e+00
9.822965360879003072e+00
9.085796385254209184e+00
9.348836772553836383e+00
5.391382233582251438e+00
6.027748583487282374e+00
1.249709795445701843e+01
1.170885602021787975e+01
5.751655354961311417e+00
8.799251191886074963e+00
1.026864337744347999e+01
1.215256760201597963e+01
9.456401851680748649e+00
9.887480573895546243e+00
1.629722587127633915e+01
1.150868896994603574e+01
9.863505070437989630e+00
8.337226486972394213e+00
1.098719972249144661e+01
9.085796385254209184e+00
1.274334059050682022e+01
1.170885602021787975e+01
1.448553938261029472e+01
9.309938679709484077e+00
7.267627785542353003e+00
9.893206461663435647e+00
1.036186416589535675e+01
9.474065165267056443e+00
1.128945051676202560e+01
1.114806154644928604e+01
9.063340977043196744e+00
8.010416896630456307e+00
4.845599131056288478e+00
1.337236787148309602e+01
8.295631334624090414e+00
1.207700076234296205e+01
9.863505070437989630e+00
1.048060088195701489e+01
4.845599131056288478e+00
7.427488550555088054e+00
1.143136750669747670e+01
7.883434639219251139e+00
9.614655417193786135e+00
1.195763912842476095e+01
8.925152484265645114e+00
8.295631334624090414e+00
1.017641162023322465e+01
7.267627785542353003e+00
1.098719972249144661e+01
1.136638453191358167e+01
1.184127488612070067e+01
1.143136750669747670e+01
8.010416896630456307e+00
7.883434639219251139e+00
9.309938679709484077e+00
1.360077703902357271e+01
1.017641162023322465e+01
7.552293476984925036e+00
1.788948001763661111e+01
8.323058863014304976e+00
7.427488550555088054e+00
1.170251324355385059e+01
1.699835444407777274e+01
9.063340977043196744e+00
1.048060088195701489e+01
8.308448838585778873e+00
1.081323866208193785e+01
1.047314668408514216e+01
8.323058863014304976e+00
1.698790325961700631e+01
1.633646765338358975e+01
8.385060509020744846e+00
1.178723416283509451e+01
1.999326507728366309e+01
1.267574159947499091e+01
1.087322576795312479e+01
8.925152484265645114e+00
9.275231434874278591e+00
1.103761726881691274e+01
1.221368290051180772e+01
1.245365453445180037e+01
1.199171007732740435e+01
1.062812275548954943e+01
1.087322576795312479e+01
8.308448838585778873e+00
9.445594381271584794e+00
1.060325287367148839e+01
6.091386402826808322e+00
1.081787123505871051e+01
1.469700497263177219e+01
1.010002069608134256e+01
5.639962094309272977e+00
1.125907182851088706e+01
1.064284934531672633e+01
1.045401868260153933e+01
7.480770290389848753e+00
1.634359823630373043e+01
1.064284934531672633e+01
1.047605548755301363e+01
9.259706944944664286e+00
1.155937635258325002e+01
1.538452356358082973e+01
5.639962094309272977e+00
1.060325287367148839e+01
1.649988087690514860e+01
9.969110460855757694e+00
1.094809965423042719e+01
1.125907182851088706e+01
6.645485623386708340e+00
6.091386402826808322e+00
1.028384170960807253e+01
1.236456465677549055e+01
1.932272306076391288e+01
1.879816600560717532e+01
9.744839797174893903e+00
1.245365453445180037e+01
1.045401868260153933e+01
1.007274994012987257e+01
5.629019088872111887e+00
9.383090362576238519e+00
9.981008259566172214e+00
6.409770278129236942e+00
5.629019088872111887e+00
5.778714159336404421e+00
6.409770278129236942e+00
8.443720800283269767e+00
5.236573342042571078e+00
1.378510670964356954e+01
1.183919704912726445e+01
1.137130701306604230e+01
1.028384170960807253e+01
7.480770290389848753e+00
1.766945387537671408e+01
1.094150393803916188e+01
6.645485623386708340e+00
1.007274994012987257e+01
9.259706944944664286e+00
8.801930561628083183e+00
9.009341434594931641e+00
1.240068461062833549e+01
6.370566422427014430e+00
5.236573342042571078e+00
1.378510670964356954e+01
1.383451186782161280e+01
9.981008259566172214e+00
1.364705941199405181e+01
1.303847966445789197e+01
1.206912344937783210e+01
1.156615768198388139e+01
3.702816520339004214e+00
1.347357657281003362e+01
1.094150393803916188e+01
6.370566422427014430e+00
1.659980095780901621e+01
1.174969905955096650e+01
9.009341434594931641e+00
9.683887790618154412e+00
1.166601532550544462e+01
3.702816520339004214e+00
1.173329674904199571e+01
9.429071444426952553e+00
1.221324846202626446e+01
1.109648439108811324e+01
1.109648439108811324e+01
1.122349415678475992e+01
8.917563067515340336e+00
8.801930561628083183e+00
8.773645853658726068e+00
1.634359823630373043e+01
1.082313133842432507e+01
1.146905935011502997e+01
9.257041300847509646e+00
1.113631354771825599e+01
1.146905935011502997e+01
9.301671850263005581e+00
9.683887790618154412e+00
1.347357657281003362e+01
1.288908099053098688e+01
4.683733584788178028e+00
1.153413402359542239e+01
9.429071444426952553e+00
1.141919279336416615e+01
6.536705017681106789e+00
6.536705017681106789e+00
4.683733584788178028e+00
9.429673893304812538e+00
7.110093392748698449e+00
9.301671850263005581e+00
1.245906265365638355e+01
1.114585738338560539e+01
8.773645853658726068e+00
1.533283998953119465e+01
1.166601532550544462e+01
8.900463218478309457e+00
7.110093392748698449e+00
1.064260676141566009e+01
8.378517347268113369e+00
1.465087843700411874e+01
7.108660366539414355e+00
7.175782854662227983e+00
1.113631354771825599e+01
1.317585220138685997e+01
1.082313133842432507e+01
9.687802210754203003e+00
9.279231603483955482e+00
1.360988595290956304e+01
1.205736221283632403e+01
1.013307188658013303e+01
9.717911145932930594e+00
1.093609221799665221e+01
8.150713050536095849e+00
9.977638647119455584e+00
1.209329814202187414e+01
9.251477175372700756e+00
7.108660366539414355e+00
1.141919279336416615e+01
7.175782854662227983e+00
1.211905663267370414e+01
9.429673893304812538e+00
8.150713050536095849e+00
1.266570629196718301e+01
1.086832507104124268e+01
1.104756034189060543e+01
1.296814388553138997e+01
1.062036518628713999e+01
1.479678361283443877e+01
1.062071291265487361e+01
1.007474709196100449e+01
9.276215634475414973e+00
7.584820935715606893e+00
9.717911145932930594e+00
1.140737184210660082e+01
1.309993830236021495e+01
9.279231603483955482e+00
1.093609221799665221e+01
9.865427107587585454e+00
9.952759519024201751e+00
1.346475247284288557e+01
1.503337132545080479e+01
1.350352703603450166e+01
1.136883323761414566e+01
9.276215634475414973e+00
1.041555754897508024e+01
9.977638647119455584e+00
1.099873801810346485e+01
1.219464397037728354e+01
9.952759519024201751e+00
1.112938503174238747e+01
1.014341504639787139e+01
1.015244271469667936e+01
1.359785006254462303e+01
1.050793015425349886e+01
1.206186442740030706e+01
8.756446003334128036e+00
9.865427107587585454e+00
1.551536363140514574e+01
1.204931418189788062e+01
1.104756034189060543e+01
1.307132868158891270e+01
1.062071291265487361e+01
1.041555754897508024e+01
1.140737184210660082e+01
1.204742192255195654e+01
1.315322658996008443e+01
1.060066666290306259e+01
1.082970907240225067e+01
1.255244484410079941e+01
1.479678361283443877e+01
1.098854864298275480e+01
1.002219621574129071e+01
1.296814388553138997e+01
9.247502767530363599e+00
9.632346928885533899e+00
1.359785006254462303e+01
1.103966593024966514e+01
1.098778364521633577e+01
1.466366957790095782e+01
9.247502767530363599e+00
1.239941758100059488e+01
1.263518865384627787e+01
8.756446003334128036e+00
1.701432590061902772e+01
1.113178861797397268e+01
8.001296528311957701e+00
1.060066666290306259e+01
1.307132868158891270e+01
8.145939615004156309e+00
1.077476064285566615e+01
1.333093652106739846e+01
9.324587888251182122e+00
1.082970907240225067e+01
1.154542434479011526e+01
1.103966593024966514e+01
8.001296528311957701e+00
1.098892119102500153e+01
7.875572006831514038e+00
1.713251849893868339e+01
1.241167456867439967e+01
9.088431005203387869e+00
1.002219621574129071e+01
1.040988399934468767e+01
8.494088563236005029e+00
7.625038755322865569e+00
9.159564064482752954e+00
1.116175804937703830e+01
1.029746550363641155e+01
1.175500698523213394e+01
7.875572006831514038e+00
1.472003982898282537e+01
9.181400273880511165e+00
9.695006519358663866e+00
1.338823446284319552e+01
8.145939615004156309e+00
7.625038755322865569e+00
1.169594586435196604e+01
1.235281556480381759e+01
1.029746550363641155e+01
1.270955355083867921e+01
1.260133498562615628e+01
1.232834643506524230e+01
8.494088563236005029e+00
1.395900168499157346e+01
1.077476064285566615e+01
1.521056208343911997e+01
1.040988399934468767e+01
1.085551247665260099e+01
9.552150620885809573e+00
1.064054293530444717e+01
9.748948495695104910e+00
6.623799558149796596e+00
1.020034072004240677e+01
9.655764146167255646e+00
1.663074784853116483e+01
1.496452697095145901e+01
1.175500698523213394e+01
1.029129347558293794e+01
8.903372509820199454e+00
1.195305204991637638e+01
1.658591233111753027e+01
1.191917700096907851e+01
1.696118421198415049e+01
1.195510760418037854e+01
1.292007176778068711e+01
1.064054293530444717e+01
1.235281556480381759e+01
1.029044742018978909e+01
1.898429708408540506e+01
1.091369089278943783e+01
9.552150620885809573e+00
6.623799558149796596e+00
1.074226213809992458e+01
1.462401163266954995e+01
7.341424427910932415e+00
1.195305204991637638e+01
1.014925356026655123e+01
7.498088624782114131e+00
1.029044742018978909e+01
1.159477076167684295e+01
1.299594545616883856e+01
9.655764146167255646e+00
1.316718495942611256e+01
1.630543839531534545e+01
1.098244529063051189e+01
1.029129347558293794e+01
1.593028001502346491e+01
7.341424427910932415e+00
8.378517347268113369e+00
8.903372509820199454e+00
1.091369089278943783e+01
1.693317792094607910e+01
1.191917700096907851e+01
1.199532223555060462e+01
7.498088624782114131e+00
1.047518886732667376e+01
1.098244529063051189e+01
1.401091636081017633e+01
9.303211369309659418e+00
8.856000539511217795e+00
1.095854018314601319e+01
1.297951920400388737e+01
9.568595020610441537e+00
9.646994946150844186e+00
1.658591233111753027e+01
1.131625030823658484e+01
1.179685710541245847e+01
1.258406652389019875e+01
1.254388288898624815e+01
1.023567088183305529e+01
8.717844238389263367e+00
8.856000539511217795e+00
1.174282160860215640e+01
1.001904001449656256e+01
1.104178698461319819e+01
9.681027082226650649e+00
1.214505108137113965e+01
1.046111909430733178e+01
9.646994946150844186e+00
1.130228101263508300e+01
1.463245148505000337e+01
9.568595020610441537e+00
9.162858253705884692e+00
1.179685710541245847e+01
9.303211369309659418e+00
1.049699829861138234e+01
1.379618261410877977e+01
1.074083497512410190e+01
1.045561272509638506e+01
1.387699588152427665e+01
1.243683805828859512e+01
1.297951920400388737e+01
9.560104373840911052e+00
9.560104373840911052e+00
4.311127362692497300e+00
1.388911193471646044e+01
1.023567088183305529e+01
1.258487682726284795e+01
4.311127362692497300e+00
1.001904001449656256e+01
1.487054831239963981e+01
8.717844238389263367e+00
1.025509253217760453e+01
1.439396333702344144e+01
1.251585271316933046e+01
7.543745320904352347e+00
1.185346372402849902e+01
9.162858253705884692e+00
1.131625030823658484e+01
1.243683805828859512e+01
1.392487861298932650e+01
1.091756342990592010e+01
1.049699829861138234e+01
1.099727059625035608e+01
1.031392490293126762e+01
1.004647974076094918e+01
1.399227538787687841e+01
1.256256260963194471e+01
1.045561272509638506e+01
5.970612236326201305e+00
5.970612236326201305e+00
1.681873883678523640e+01
1.232830262029026436e+01
1.261312792318081399e+01
1.074083497512410190e+01
1.106329159287597008e+01
8.577030702213436442e+00
7.543694711271686337e+00
6.106841450255903858e+00
1.347577865386418772e+01
9.566677795339574075e+00
1.589125423312156293e+01
1.201619017795128741e+01
7.543745320904352347e+00
1.174190365165017091e+01
1.022974871943916853e+01
1.341231385609251525e+01
1.099727059625035608e+01
1.100595149018340280e+01
8.577030702213436442e+00
1.435619218973081246e+01
1.298083114734172838e+01
9.951610289076405991e+00
1.031392490293126762e+01
6.106841450255903858e+00
9.210039108238444072e+00
9.831344073002917128e+00
1.261229543864993552e+01
1.418477125330855237e+01
9.566677795339574075e+00
1.080956875651549787e+01
1.258209573173778750e+01
9.674757981164491483e+00
1.142933715459987809e+01
5.837004056595498369e+00
1.409261029422990141e+01
7.439539050081545035e+00
1.411448380789332546e+01
7.826597003089650784e+00
1.145157495694027361e+01
7.439539050081545035e+00
9.831344073002917128e+00
1.138396944374503583e+01
1.396346206212760066e+01
9.844081560669250663e+00
9.162949185603025626e+00
1.218063430218136034e+01
5.837004056595498369e+00
9.674757981164491483e+00
8.466074738363143837e+00
1.258831763265820314e+01
1.648169345839623290e+01
1.240659052672199358e+01
1.432194565384171092e+01
1.001013695532563119e+01
1.138396944374503583e+01
1.668141384656700055e+01
1.290821978427242556e+01
9.844081560669250663e+00
7.471170893775211042e+00
1.113359805576277139e+01
9.088887300123985824e+00
1.142933715459987809e+01
7.048376657125682065e+00
9.998375488124004562e+00
9.162949185603025626e+00
9.834431988612063691e+00
1.409943866728200668e+01
1.182859275045349889e+01
5.340277931086970575e+00
1.498480097949390810e+01
1.116791957223731124e+01
1.149654872867814603e+01
8.466074738363143837e+00
1.095970000205992356e+01
1.267640186126263124e+01
7.151326533146981745e+00
1.064387116375764641e+01
9.562026947822555911e+00
1.031485324289069538e+01
5.340277931086970575e+00
8.782781059050700279e+00
7.048376657125682065e+00
1.065550004308360243e+01
6.398806139843927987e+00
1.038556736288526849e+01
9.834431988612063691e+00
1.370225100882999136e+01
1.359608676699154906e+01
8.349830727748758008e+00
1.116791957223731124e+01
1.095970000205992356e+01
8.485126871626386347e+00
1.113359805576277139e+01
9.632300299987223369e+00
8.782781059050700279e+00
1.030346558199131302e+01
7.151326533146981745e+00
1.258831763265820314e+01
1.428327002221471886e+01
1.209966513455096582e+01
6.398806139843927987e+00
1.118035320074040762e+01
1.087071667190387281e+01
1.657796304690706535e+01
9.818137800566463014e+00
1.340314016507201522e+01
1.116020502824072480e+01
9.632300299987223369e+00
1.301796526030867618e+01
1.138473201179473193e+01
7.232877061603032232e+00
1.064387116375764641e+01
1.118035320074040762e+01
6.513402898847305167e+00
9.244296889236871095e+00
1.556254237183732947e+01
1.802003287685449706e+01
1.038556736288526849e+01
1.034959227375551549e+01
9.818137800566463014e+00
1.388826578064862360e+01
6.513402898847305167e+00
1.016396225912344953e+01
8.485126871626386347e+00
9.976737341969695194e+00
1.027142881932311980e+01
1.143182006412846086e+01
9.244296889236871095e+00
1.086383521913760042e+01
9.623824530993736914e+00
1.141663892316866935e+01
1.034959227375551549e+01
1.027927271061601466e+01
1.041220884798326196e+01
9.025401511526386145e+00
6.283888010451083694e+00
1.136842780113565077e+01
8.919792255899190891e+00
9.976737341969695194e+00
9.996842679478467275e+00
7.001689420277419806e+00
1.004382108251114936e+01
1.041220884798326196e+01
9.682625974649322842e+00
1.136842780113565077e+01
7.001689420277419806e+00
1.281398810932610388e+01
9.515648893457480995e+00
1.363655196531543368e+01
8.919792255899190891e+00
1.131695658110984404e+01
1.365107103837058133e+01
9.547533670640220294e+00
1.084868369773069752e+01
7.642026003911678522e+00
6.283888010451083694e+00
8.544596056820477514e+00
1.388826578064862360e+01
8.941447916673972429e+00
1.491852620887773462e+01
1.102805084956414383e+01
1.102851571093472494e+01
7.143274301750850874e+00
9.047781212852044064e+00
9.996842679478467275e+00
1.004382108251114936e+01
9.515648893457480995e+00
1.115721967983856011e+01
1.141663892316866935e+01
1.583498103217743314e+01
7.143274301750850874e+00
9.025401511526386145e+00
1.303133989964512196e+01
8.592180334717347989e+00
9.169164278724108996e+00
9.167742995067090561e+00
8.544596056820477514e+00
1.102851571093472494e+01
1.090254066780165054e+01
8.655548676196287872e+00
9.628839690421942876e+00
1.039430129659363544e+01
1.566755535785682341e+01
1.168097356682095800e+01
1.490797882616739756e+01
1.574924062381060885e+01
1.118760651992965904e+01
1.559832640925564107e+01
7.642026003911678522e+00
8.592180334717347989e+00
1.137970038774661141e+01
1.173181742711712516e+01
1.110569589715155914e+01
1.231881341520630180e+01
1.312718557911828654e+01
1.179115450348870020e+01
8.655548676196287872e+00
1.131791655273439368e+01
1.375965920211040938e+01
1.173181742711712516e+01
7.327809231779555788e+00
7.327809231779555788e+00
1.115721967983856011e+01
1.060281200610727481e+01
1.262055685365802837e+01
1.575774457289238839e+01
1.055807845015784885e+01
4.443379824406805234e+00
9.169164278724108996e+00
9.628839690421942876e+00
8.029567338687032318e+00
4.443379824406805234e+00
8.924527902777178667e+00
1.190244213541856055e+01
1.231892557039985547e+01
1.137970038774661141e+01
8.029567338687032318e+00
1.058714269709065192e+01
1.111473731403229870e+01
1.028113032985448250e+01
1.329876036783996440e+01
1.197049332921456610e+01
1.133770048167966671e+01
1.370784422301606398e+01
1.012318516302004667e+01
1.094047526119629410e+01
1.221445817224985575e+01
8.780722237124269469e+00
9.211673482957266401e+00
1.026341098754830838e+01
9.426312864140950154e+00
1.012318516302004667e+01
1.089861630244523027e+01
1.271320089241083728e+01
1.058714269709065192e+01
1.188505637598688303e+01
1.085020341328010041e+01
8.924527902777178667e+00
1.028113032985448250e+01
8.633174674579981556e+00
9.914210081304842603e+00
1.059430603141776572e+01
1.094047526119629410e+01
1.435607770720681664e+01
1.577107505681591881e+01
1.492117771539603588e+01
1.111473731403229870e+01
1.356898517812621385e+01
8.780722237124269469e+00
8.636378002214080141e+00
1.089861630244523027e+01
1.128827141174734550e+01
1.026341098754830838e+01
9.211673482957266401e+00
1.256084430513449668e+01
1.007022344926257951e+01
1.271286211531568533e+01
9.781123162550308336e+00
1.273276267582097887e+01
1.029820932318617288e+01
1.055136874244782419e+01
1.059430603141776572e+01
1.730989026774308925e+01
1.085020341328010041e+01
8.633174674579981556e+00
1.548288821653495972e+01
1.336627497193348191e+01
1.356898517812621385e+01
8.636378002214080141e+00
1.205173687456651166e+01
1.083581023940849164e+01
1.029820932318617288e+01
1.054537457777277254e+01
1.007022344926257951e+01
7.976110885042339227e+00
9.103696532752858062e+00
1.176576687851715342e+01
8.994488026015131865e+00
8.217774886358480302e+00
1.125589208421790666e+01
9.781123162550308336e+00
7.439142863584519816e+00
1.051625670674414792e+01
1.061767968517949257e+01
8.998181639311018998e+00
8.247689463473902194e+00
1.234313420013386597e+01
1.165266716639304079e+01
1.121817102582125791e+01
1.202883022166005667e+01
8.720522433384982008e+00
8.720522433384982008e+00
7.976110885042339227e+00
9.160262175383854455e+00
9.673106228698726383e+00
1.054537457777277254e+01
9.103696532752858062e+00
1.225118572271989414e+01
9.673106228698726383e+00
8.994488026015131865e+00
8.217774886358480302e+00
1.201507626608945678e+01
8.011977090358701759e+00
1.043724370930548595e+01
9.795146918115259282e+00
8.247689463473902194e+00
1.104212543184141637e+01
9.153215818821557548e+00
7.439142863584519816e+00
8.521965675684233688e+00
1.059815091692785849e+01
9.153215818821557548e+00
1.061767968517949257e+01
1.125589208421790666e+01
1.399566683151011048e+01
1.104212543184141637e+01
8.353606591939804815e+00
1.034431473768928811e+01
1.617299261942821431e+01
1.119209090948062801e+01
1.570054443744547790e+01
1.121817102582125791e+01
1.285686264784234822e+01
1.224263128359267228e+01
8.011977090358701759e+00
1.374372391958146622e+01
1.126652426866062306e+01
1.084968279084141329e+01
1.128770330498985075e+01
9.795146918115259282e+00
1.126652426866062306e+01
1.043724370930548595e+01
1.128770330498985075e+01
9.538704758134624484e+00
1.247531097241203923e+01
8.521965675684233688e+00
8.353606591939804815e+00
9.828662241574457781e+00
1.066711344678083684e+01
1.119209090948062801e+01
1.190850454561601168e+01
1.284023159937972558e+01
1.072347688252051690e+01
1.070668669411366025e+01
9.857810809071244407e+00
9.473680168167588178e+00
1.134246995004203740e+01
1.509407308725777241e+01
1.136444444921318642e+01
1.521884989529159249e+01
9.857810809071244407e+00
1.347506296654460201e+01
1.055318748099000459e+01
1.045848341829722550e+01
9.452379903652843751e+00
5.248197270534166847e+00
1.247541894782869853e+01
1.002937681890461796e+01
9.538704758134624484e+00
1.307060131527304492e+01
1.136444444921318642e+01
1.134246995004203740e+01
7.995616381995124478e+00
1.171332998644919954e+01
1.217866499775468725e+01
6.827656305292799210e+00
1.399513413687263430e+01
5.248197270534166847e+00
1.154479072427191433e+01
1.068548421244567237e+01
1.358717460111001252e+01
6.827656305292799210e+00
1.509407308725777241e+01
1.070668669411366025e+01
1.011574354617381033e+01
1.011574354617381033e+01
7.995616381995124478e+00
1.182658292181653792e+01
1.055318748099000459e+01
1.159313709406696447e+01
9.724206236514854496e+00
1.152735865184662956e+01
8.595711035742272799e+00
1.077870179826643415e+01
1.055063023331257277e+01
1.145782001216482371e+01
7.405633040678008427e+00
1.351463939087645372e+01
1.002937681890461796e+01
1.242936524172591461e+01
1.207923096869306789e+01
1.362455665611633648e+01
1.197069639685875053e+01
1.281386156019930134e+01
1.133617724969935381e+01
1.013901021299976257e+01
1.152735865184662956e+01
8.411348588573364538e+00
1.572820216589598097e+01
1.182658292181653792e+01
1.161743555404021855e+01
8.314148782968283413e+00
8.563700814216286261e+00
8.563700814216286261e+00
1.175086546904758222e+01
1.358717460111001252e+01
6.115083423422792208e+00
9.724206236514854496e+00
9.233728635596500922e+00
9.233728635596500922e+00
7.093336365093065865e+00
1.065324902248170602e+01
1.184467853958810757e+01
1.292619585281979511e+01
1.576121448080641052e+01
1.079658646055393056e+01
7.093336365093065865e+00
1.292619585281979511e+01
7.017886292641128065e+00
1.076823546602679293e+01
1.133617724969935381e+01
1.038745824596022871e+01
1.013901021299976257e+01
1.005122801504716179e+01
1.434107950326358072e+01
1.388257743469753436e+01
8.411348588573364538e+00
7.017886292641128065e+00
9.039727158075118396e+00
1.049591172330246636e+01
8.711242574687325657e+00
1.208344074325341744e+01
1.362455665611633648e+01
6.115083423422792208e+00
9.222603015681665184e+00
1.169161058665391018e+01
8.139648330319909419e+00
1.355904754370695642e+01
9.039727158075118396e+00
1.038745824596022871e+01
1.062053399839505197e+01
1.239205498184040977e+01
1.005122801504716179e+01
8.945197011442994395e+00
8.139648330319909419e+00
1.093567931837337959e+01
8.825002405476743306e+00
1.622383216696530539e+01
1.216318656634710571e+01
9.728397150496450152e+00
8.711242574687325657e+00
9.279231603483955482e+00
1.304775801252780099e+01
1.049591172330246636e+01
9.425832015676625986e+00
1.014710657142211403e+01
1.079658646055393056e+01
1.216318656634710571e+01
1.321620665720996790e+01
1.155391209739422997e+01
1.230755681151327607e+01
9.279231603483955482e+00
1.014710657142211403e+01
1.256692217613200668e+01
1.281479536056277979e+01
8.825002405476743306e+00
8.945197011442994395e+00
1.208344074325341744e+01
9.425832015676625986e+00
9.222603015681665184e+00
9.728397150496450152e+00
1.279270962910370990e+01
9.413139728663360017e+00
1.047655803026065335e+01
1.642987746426526741e+01
1.110339773561572940e+01
1.230755681151327607e+01
1.512979004569850794e+01
5.814275154264064049e+00
1.114321151973700630e+01
1.155391209739422997e+01
1.082653941548670318e+01
1.263094103679786961e+01
1.306694854542625173e+01
1.471778637575351212e+01
9.790938245450954369e+00
1.047655803026065335e+01
1.048818780163914788e+01
1.636255771439807560e+01
1.135916714711410158e+01
1.129185247187239760e+01
2.008132118477499262e+01
1.281479536056277979e+01
1.076755569610084073e+01
1.371828293856305692e+01
5.340277931086970575e+00
1.413042380229025419e+01
9.801240232509382366e+00
6.345782648091035760e+00
1.763702602772105621e+01
1.642987746426526741e+01
1.093928935886136067e+01
1.308178645922983030e+01
1.076755569610084073e+01
9.790938245450954369e+00
1.076880149064118086e+01
1.345939934387125270e+01
5.340277931086970575e+00
1.062493724495887548e+01
1.261199204115318651e+01
6.858822814935878753e+00
8.696146037174438348e+00
1.356489617463069486e+01
1.335647490227139400e+01
1.093928935886136067e+01
1.261199204115318651e+01
9.264147980648617775e+00
1.020317776783102914e+01
1.356489617463069486e+01
1.019268431414820597e+01
1.601067034838139946e+01
1.636255771439807560e+01
1.120732826231636814e+01
1.076880149064118086e+01
6.345782648091035760e+00
8.531059813849303453e+00
1.215429115934031579e+01
1.019268431414820597e+01
1.192311671370346460e+01
9.801240232509382366e+00
1.365531261058559842e+01
5.814275154264064049e+00
6.858822814935878753e+00
1.795072837664359255e+01
1.144828107342426371e+01
1.552667856042074668e+01
8.531059813849303453e+00
1.005411914457285505e+01
8.941447916674007956e+00
1.515010158712914645e+01
1.062493724495887548e+01
1.031743420362676034e+01
1.027463196768145082e+01
8.696146037174438348e+00
1.169975901257238426e+01
1.247339143129434369e+01
1.247339143129434369e+01
1.393899310454810880e+01
1.313432436910105139e+01
1.136392635657430006e+01
1.005122024883518073e+01
9.570333189450829892e+00
1.279186459509910456e+01
1.335647490227139400e+01
6.862228201368996139e+00
1.483992902668717484e+01
1.031743420362676034e+01
1.005411914457285505e+01
1.016608783289247953e+01
9.570333189450829892e+00
1.171167559462301178e+01
7.387137844712331258e+00
8.278773093133976246e+00
9.877249839246250218e+00
4.683733584788178028e+00
6.862228201368996139e+00
1.577036525087839003e+01
8.528215754599660414e+00
1.159545342553038871e+01
1.254031895282000164e+01
1.127366423857819733e+01
1.103413586947061908e+01
1.224996583569955710e+01
4.683733584788178028e+00
1.153726887088960495e+01
1.136392635657430006e+01
1.114672403246917476e+01
8.278773093133976246e+00
1.005731894832538487e+01
1.127366423857819733e+01
7.387137844712331258e+00
1.313432436910105139e+01
1.112742956647507064e+01
9.743176486136199799e+00
1.214330737106140035e+01
8.361459481075264932e+00
1.124973917617160879e+01
1.368818344799880116e+01
1.487297620743424353e+01
1.539015013077467842e+01
1.004637854263824259e+01
1.713211077505074442e+01
1.005731894832538487e+01
1.088681232940106014e+01
4.443379824406805234e+00
4.443379824406805234e+00
8.252332983511308839e+00
1.297352662504619047e+01
1.224996583569955710e+01
1.114672403246917476e+01
1.750958972106032974e+01
1.035300797503504100e+01
1.245720456794299302e+01
9.492619798213027593e+00
1.548273297143190419e+01
1.064680618174872251e+01
1.949372547826027358e+01
1.103413586947061908e+01
1.935146660349525760e+01
9.492619798213027593e+00
9.279231603483953705e+00
1.004637854263824259e+01
1.088681232940106014e+01
8.793580680279937667e+00
9.279231603483953705e+00
1.369406277340456946e+01
1.174327436695088167e+01
9.734692611981882848e+00
8.252332983511308839e+00
1.066002279292543697e+01
1.311420568110605522e+01
9.573909357858537916e+00
1.147856876575735718e+01
1.112742956647507064e+01
1.355842639410174044e+01
1.147856876575735718e+01
1.903333881345439949e+01
1.175037888623321791e+01
1.297156379072637478e+01
7.339509993342212546e+00
9.180894023118131742e+00
4.504670717297465821e+00
4.504670717297465821e+00
9.734692611981882848e+00
1.186605726533538885e+01
1.392247899102362219e+01
1.245720456794299302e+01
9.524311431304662179e+00
8.714431445025088152e+00
1.075395861911279205e+01
9.850281679966510495e+00
1.046683659392250476e+01
1.369406277340456946e+01
9.573909357858537916e+00
9.735860336055875308e+00
1.477179204436808391e+01
1.241410311139072320e+01
6.394625836330076751e+00
9.524311431304662179e+00
8.982722609046058793e+00
9.054736928630758186e+00
1.146202102959486879e+01
1.189315662292757914e+01
1.421872841255106756e+01
1.199484729086877799e+01
8.714431445025088152e+00
1.085635472782598754e+01
9.203298741150589990e+00
1.339348679968150257e+01
5.391382233582251438e+00
1.128234036188017519e+01
1.013906326921751244e+01
1.046683659392250476e+01
5.391382233582251438e+00
1.288609113951906515e+01
6.394625836330076751e+00
1.439465126736148726e+01
7.938893885332660716e+00
1.136816421827325385e+01
1.076938506689228703e+01
9.362745663646583338e+00
8.982722609046058793e+00
1.257240791298295335e+01
9.730779457981217462e+00
1.075803809475114114e+01
1.161861632898815699e+01
1.199484729086877799e+01
1.082028191062564915e+01
1.060325287367148839e+01
1.354411542048394246e+01
1.180468127714288507e+01
1.186913909417728341e+01
1.121789356735384580e+01
9.203298741150589990e+00
1.222371603636015713e+01
1.354411542048394246e+01
1.299524598930658037e+01
9.324715940396377079e+00
9.281040714455530249e+00
8.246806903979079451e+00
9.520140138065098512e+00
1.128234036188017519e+01
1.564820994354023931e+01
8.246806903979079451e+00
9.362745663646583338e+00
1.038475280922714816e+01
1.257240791298295335e+01
1.136816421827325385e+01
1.161861632898815699e+01
1.060857426195657283e+01
1.180468127714288507e+01
1.275484234254641969e+01
1.350995328045321919e+01
1.060325287367148839e+01
1.222371603636015713e+01
1.467870448399534133e+01
1.464151747499039935e+01
1.195846046875977109e+01
9.829215399659105401e+00
1.043728422077879081e+01
1.043728422077879081e+01
1.137173615569091467e+01
9.811105209186445464e+00
9.829215399659105401e+00
8.898995205633658756e+00
1.038475280922714816e+01
9.324715940396377079e+00
1.059284338884034149e+01
1.130124877278806395e+01
8.898995205633658756e+00
1.247540393189854413e+01
1.348909617513764658e+01
1.151496900230747933e+01
1.129246292760379866e+01
1.450552875828712551e+01
1.221945404996923834e+01
1.245990417133869244e+01
2.111090473634941134e+01
9.627322952881410600e+00
1.109710688983177640e+01
1.292483170357185429e+01
1.623976443501236133e+01
9.437797884258710468e+00
8.685643737985710544e+00
1.491648050415350113e+01
1.379430755537672759e+01
1.122754741042343518e+01
1.228174562305980899e+01
1.530209172475961310e+01
9.587504782001301962e+00
1.031330148562316573e+01
1.152046135249365477e+01
1.109710688983177640e+01
8.917563067515340336e+00
1.176556454986824107e+01
6.106841450255903858e+00
1.059284338884034149e+01
8.685643737985710544e+00
6.106841450255903858e+00
1.051069558970075057e+01
1.679167495957269907e+01
9.437797884258710468e+00
1.312444759633767255e+01
1.122754741042343518e+01
1.221945404996923834e+01
1.409597137300774783e+01
1.476897248926689876e+01
1.152046135249365477e+01
1.302822816056797528e+01
8.146196344745808560e+00
8.146196344745808560e+00
0.000000000000000000e+00
