8.221701657472459956e+00
6.418057324967700872e+00
4.250139315661185080e+00
4.250139315661185080e+00
7.015558146930591654e+00
1.362677779998401739e+01
1.544371219353615565e+01
5.871553051138015178e+00
5.871553051138015178e+00
1.062082807312594568e+01
1.084866074606478570e+01
1.229696655958324136e+01
6.586166091092935382e+00
1.250820315601179367e+01
8.261457961005206130e+00
9.972397216315727064e+00
6.114229822395481406e+00
8.939255836657304499e+00
6.684466047711833170e+00
7.910704125663793107e+00
2.348281585615159539e+00
2.348281585615159539e+00
8.660618905149890523e+00
9.404290898608840266e+00
1.053923621209516703e+01
8.221854477239572745e+00
1.052800392838862820e+01
8.953837232117935585e+00
5.622074698536648540e+00
1.021048731453381464e+01
1.111675319379802218e+01
1.266335118352277789e+01
6.663445894478457809e+00
7.910704125663793107e+00
7.239308723673344659e+00
8.098253070549965571e+00
1.220225959958886897e+01
7.063266868940134557e+00
6.586166091092935382e+00
8.261457961005206130e+00
1.053923621209516703e+01
8.572074210839351949e+00
7.015558146930591654e+00
6.498814399514383666e+00
7.116721840994588710e+00
5.622074698536648540e+00
6.684466047711833170e+00
6.418057324967700872e+00
7.199462123478959974e+00
7.580678002618362221e+00
3.418359864607295684e+00
8.221854477239572745e+00
7.239308723673344659e+00
1.030326375804419214e+01
5.173922750457030872e+00
3.418359864607295684e+00
8.519254323826762842e+00
7.883269525254730681e+00
9.374999858425475452e+00
7.199462123478959974e+00
6.670871214923189463e+00
6.498814399514383666e+00
7.430331471496373297e+00
9.828780429632910653e+00
7.548136901268405197e+00
8.098253070549965571e+00
6.458217133841188229e+00
8.572074210839351949e+00
1.750305751915496533e+00
7.386880317081322644e+00
6.436579766119371548e+00
6.509762565120479572e+00
7.922837198312372209e+00
1.750305751915496533e+00
1.142289917057134652e+01
9.530878966110188699e+00
8.516139138049572566e+00
7.548136901268405197e+00
1.126732003366329415e+01
5.173922750457030872e+00
7.820569727928067039e+00
8.040833589573360030e+00
7.430331471496373297e+00
8.286863491791109482e+00
7.459199283384221779e+00
8.891451812467860094e+00
7.383539631693989413e+00
3.020656891313981074e+00
3.020656891313981074e+00
6.670871214923189463e+00
8.655495958089577613e+00
6.322941676048383641e+00
9.254349864327805264e+00
8.059408161474665988e+00
6.509762565120479572e+00
7.820569727928067039e+00
9.019624985609885570e+00
9.019624985609885570e+00
6.316731176459401631e+00
7.701345308428186875e+00
8.355850777527651374e+00
7.889043275877700268e+00
7.342306019713250365e+00
6.892582279644833498e+00
6.696153096491840095e+00
7.444888818801045360e+00
8.638151220740409642e+00
7.889043275877700268e+00
7.933372750659413164e+00
6.436579766119371548e+00
8.499785452020988785e+00
7.033484378242052415e+00
7.386880317081322644e+00
7.908002969600722132e+00
5.263107618263521914e+00
5.534933073358444311e+00
8.468045717824374208e+00
5.399149584798891510e+00
6.892582279644833498e+00
7.133885708193184350e+00
9.507878009173731826e+00
7.479253656499999181e+00
1.085141635488755796e+01
8.638151220740409642e+00
7.133885708193184350e+00
5.399149584798891510e+00
9.704830482167881911e+00
1.004213258983600277e+01
8.789053635506817841e+00
7.345212451646681906e+00
6.789409850005373670e+00
8.059408161474665988e+00
6.839254346301913756e+00
7.459199283384221779e+00
1.017513672497338995e+01
9.488743142223324156e+00
9.096869249180315364e+00
7.167881966471086663e+00
5.263107618263521914e+00
1.297613442692440167e+01
8.355850777527651374e+00
7.341246761674979027e+00
5.534933073358444311e+00
7.139785322572652859e+00
6.212708721822211899e+00
9.666576732684266204e+00
7.749045796025743726e+00
1.005921913116433331e+01
7.053979914997901446e+00
1.220258747552657042e+01
6.488597416260837747e+00
9.989149604758072343e+00
5.864884958259478864e+00
7.304453206009537070e+00
6.488597416260837747e+00
7.139785322572652859e+00
8.230283496718831415e+00
1.056952707765740307e+01
7.518305997899296322e+00
1.066893684206856818e+01
1.176641243825016758e+01
8.619256230140782904e+00
7.749045796025743726e+00
4.967772151312055406e+00
7.596965239955206783e+00
5.635468287525329245e+00
1.085141635488755796e+01
4.003658353502385303e+00
9.363783135247052414e+00
5.487083686237068214e+00
7.575090413160798342e+00
1.201291124936281562e+01
1.257447338655026670e+01
8.332583458655980380e+00
8.797073301035906567e+00
1.750305751915496533e+00
9.954752876490411850e+00
8.304329611908277897e+00
5.487083686237068214e+00
7.596965239955206783e+00
7.304453206009537070e+00
5.087943435499512113e+00
4.003658353502385303e+00
6.468118360854765214e+00
1.750305751915496533e+00
7.229510322126929012e+00
8.620993728665435896e+00
8.620993728665435896e+00
6.800232091677233193e+00
5.635468287525329245e+00
7.212980060229149615e+00
1.052249373446011127e+01
7.489969435072717729e+00
5.537907800193064389e+00
7.591875922957059153e+00
1.017502900690806555e+01
8.771014813809212995e+00
8.325478046862279768e+00
8.731774338469504571e+00
6.663688800555474856e+00
5.087943435499512113e+00
8.426984288291546221e+00
6.805252469578917385e+00
5.758745322348020501e+00
6.069052538786553264e+00
6.575284859340330357e+00
7.721614506056336147e+00
6.681436601461559377e+00
6.800232091677233193e+00
8.325478046862279768e+00
6.322941676048383641e+00
5.581415803407670850e+00
1.080664547032853129e+01
8.069124812891713461e+00
1.565521057076773026e+00
1.565521057076773026e+00
6.069052538786553264e+00
5.205347943461074323e+00
6.806827252053313515e+00
6.805252469578917385e+00
7.755812696658004768e+00
8.919376559765758827e+00
5.636263806187205461e+00
6.771997067897532752e+00
6.771997067897532752e+00
3.238730807173793913e+00
9.162538850816892122e+00
8.664828256409203178e+00
8.664828256409203178e+00
7.305822454883182715e+00
6.574585868274468226e+00
3.193440555745550302e+00
9.845741854861159936e+00
5.581415803407670850e+00
7.403588149724268597e+00
3.193440555745550302e+00
7.232500227159672335e+00
6.575284859340330357e+00
4.587399831100154479e+00
5.550686479294894227e+00
4.636301512847253115e+00
6.098923634241117497e+00
5.636263806187205461e+00
6.401377440361486926e+00
5.534952777746592112e+00
8.212560723224724413e+00
3.238730807173793913e+00
5.550686479294894227e+00
6.646904763208461020e+00
9.926085562557130260e+00
4.587399831100154479e+00
6.081858429416871381e+00
6.504759489539154060e+00
8.468050973537939896e+00
6.504452691030412126e+00
7.510030153160749400e+00
6.646904763208461020e+00
4.943561620112902233e+00
7.895125337658360998e+00
7.016625284145027841e+00
3.644362857977081926e+00
5.534952777746592112e+00
7.813697773151112358e+00
6.574585868274468226e+00
4.950612265317066552e+00
6.114672821319918405e+00
3.838027598011285235e+00
9.104324351936043058e+00
8.061263321917339297e+00
8.196460029157460525e+00
3.644362857977081926e+00
4.779328362751948056e+00
8.212560723224724413e+00
9.532224334082288308e+00
6.846358480636521193e+00
8.108424672300538205e+00
4.950612265317066552e+00
2.640874403988473507e+00
6.919574389508242440e+00
7.575837295796646664e+00
5.102974320345146531e+00
8.931200936366819221e+00
6.107940653480464555e+00
4.636301512847253115e+00
2.767476388873296056e+00
8.685017803084846832e+00
5.818285914969512085e+00
6.746304588029286897e+00
3.685266578490437261e+00
6.672889498256807883e+00
9.713965605306563944e+00
4.779328362751948056e+00
9.375754516720757437e+00
3.785591198220939368e+00
5.307582243420656098e+00
6.191193995005573214e+00
8.668088702603700568e+00
7.855897891663581767e+00
6.107940653480464555e+00
3.785591198220939368e+00
3.838027598011285235e+00
7.510030153160749400e+00
2.767476388873296056e+00
2.640874403988473507e+00
6.164061197628585731e+00
7.258205506598415901e+00
5.102974320345146531e+00
3.818052839624438644e+00
6.326432445632295121e+00
9.154494077372008931e+00
4.888011851275819275e+00
5.307582243420656098e+00
7.258205506598415901e+00
3.818052839624438644e+00
6.846358480636521193e+00
7.517120321368524927e+00
7.416990507998522553e+00
6.912938976477384756e+00
6.164061197628585731e+00
7.389780791431366680e+00
8.593396143483198912e+00
8.499881863839846119e+00
4.025808922809946289e+00
8.130760524758157359e+00
6.275659107078424448e+00
4.888011851275819275e+00
7.895125337658360998e+00
8.009208453989245413e+00
7.860688952352317571e+00
4.984872966605604638e+00
9.807957295107506468e+00
3.564450380807670626e+00
6.912938976477384756e+00
4.549861327746994810e+00
3.685266578490437261e+00
6.191193995005573214e+00
4.025808922809946289e+00
5.499884684323596673e+00
7.278328444467074831e+00
8.931200936366819221e+00
8.753623517701234036e+00
6.676486861062712386e+00
4.549861327746994810e+00
7.283166977183140212e+00
7.140474189534710803e+00
8.196460029157460525e+00
7.416990507998522553e+00
3.564450380807670626e+00
6.202397138573341628e+00
6.165744530949682556e+00
7.346692764964519284e+00
9.088164804347936609e+00
9.141532695026727495e+00
4.984872966605604638e+00
5.029485972844083719e+00
5.499884684323596673e+00
9.497100975475254003e+00
9.843999134318682565e+00
7.014331697345342675e+00
3.639020931148482241e+00
8.249549051259654320e+00
8.605206217207404862e+00
7.278328444467074831e+00
8.130760524758157359e+00
7.507506424973982462e+00
8.320858554816290109e+00
9.166379021243368896e+00
6.512671506006688205e+00
7.601548762234024537e+00
6.804364538553856256e+00
2.282119493545506916e+00
7.209273457164671939e+00
7.507506424973982462e+00
1.352232636896857620e+01
2.282119493545506916e+00
6.165744530949682556e+00
9.088164804347936609e+00
8.142036151070069394e+00
7.644008236131796252e+00
9.676217142579270458e+00
6.967800116070124616e+00
7.701261520431311070e+00
6.210199572323900519e+00
7.010304528397790946e+00
7.209273457164671939e+00
3.428536761138837541e+00
5.562558698513083044e+00
6.202397138573341628e+00
4.619687325138608358e+00
6.533252383679149844e+00
7.601548762234024537e+00
5.060375092878500958e+00
7.094919626875102914e+00
8.012824412947649577e+00
5.760181832986424055e+00
8.616256241356703427e+00
3.817490453540873574e+00
4.619687325138608358e+00
8.966439116496271566e+00
7.488898174759620829e+00
6.967800116070124616e+00
5.346279829538305606e+00
5.803432223678093749e+00
7.932129413628311809e+00
8.688338238142737424e+00
5.911508892099370804e+00
6.512671506006688205e+00
5.715234971953670140e+00
1.232659990143259776e+01
5.060375092878500958e+00
6.210199572323900519e+00
7.488898174759620829e+00
6.726057079123161309e+00
5.803432223678093749e+00
7.924846346546011944e+00
6.676629118279404196e+00
8.155640361543037287e+00
3.817490453540873574e+00
7.448437450991251652e+00
7.308793933195482317e+00
5.760181832986424055e+00
6.937498552085219927e+00
7.087387622018880506e+00
7.997603013819426288e+00
7.438799445640859709e+00
5.715234971953670140e+00
8.419195382928212013e+00
4.595825792957809242e+00
8.160252758183073496e+00
5.035826995710485754e+00
7.184255364334073413e+00
7.643936812141371107e+00
5.290681378947422075e+00
3.428536761138837541e+00
5.911508892099370804e+00
7.013791868400200968e+00
5.906831714039248560e+00
1.235473616777986194e+01
8.552673277866555068e+00
4.375764379788741110e+00
4.595825792957809242e+00
7.932129413628311809e+00
8.291521424316686151e+00
9.078517867816113807e+00
7.113604860825934573e+00
9.154348633539155955e+00
8.269737286740674875e+00
9.198298871899257989e+00
7.847955674850097374e+00
6.130777403248283797e+00
6.937498552085219927e+00
6.676629118279404196e+00
7.643936812141371107e+00
7.448437450991251652e+00
5.290681378947422075e+00
7.308793933195482317e+00
7.332514395055261147e+00
4.375764379788741110e+00
8.014937077554220579e+00
8.900344130588466740e+00
5.906831714039248560e+00
5.828290309510886225e+00
8.259921878164080411e+00
8.763122708376489101e+00
6.791074948804395994e+00
7.693328277237365675e+00
9.822556092499375779e+00
7.200650180038026704e+00
7.665755735936816251e+00
7.036098861496547840e+00
7.624535315967928106e+00
3.854648569216665432e+00
5.333568366894095192e+00
9.767618703314315809e+00
8.515053516836644576e+00
8.197188057897941249e+00
7.847955674850097374e+00
8.056441058175666470e+00
7.205620270559665030e+00
3.689968518497727334e+00
6.825079366122819735e+00
1.080888717147866807e+01
8.197188057897941249e+00
7.205620270559665030e+00
7.332514395055261147e+00
3.854648569216665432e+00
9.154348633539155955e+00
8.830921497629564243e+00
5.313682788998981721e+00
4.233424833081669725e+00
6.343384823064960543e+00
3.506246841993533536e+00
8.729124022790429649e+00
9.078517867816113807e+00
6.449805595440426309e+00
6.986774153164365231e+00
5.910398321131697941e+00
6.791074948804395994e+00
7.115192700099659540e+00
8.374804412520916230e+00
3.689968518497727334e+00
6.986774153164365231e+00
6.427359756511313194e+00
7.340779080282379354e+00
7.693328277237365675e+00
1.002271867308470377e+01
1.119140844470942575e+01
6.846125422416391437e+00
7.309491413722772002e+00
5.250917255746490042e+00
4.956796667809915569e+00
6.742662283521903888e+00
3.506246841993533536e+00
5.833068807611197393e+00
5.879566563560302050e+00
8.618018587217058268e+00
7.398770604366967873e+00
9.942019884448434652e+00
7.309491413722772002e+00
6.910287004879774209e+00
5.313682788998981721e+00
7.439576167997794087e+00
6.881831122878982576e+00
5.250917255746490042e+00
6.923924989400834562e+00
5.710185713110396577e+00
5.022616505496629635e+00
8.529595149912905683e+00
8.547712665322123371e+00
8.330888970503465885e+00
7.413958645479564069e+00
4.712842468470229029e+00
5.710185713110396577e+00
7.156747203239608446e+00
6.338253544315047172e+00
4.875787623293537543e+00
8.027968021712146296e+00
9.383529447822807512e+00
7.033660139793111554e+00
5.741236158200140771e+00
5.833068807611197393e+00
4.875787623293537543e+00
6.343384823064960543e+00
8.599470615837365273e+00
7.984456839502462877e+00
9.822556092499375779e+00
4.160429277408110416e+00
6.910287004879774209e+00
6.083362740455377171e+00
8.385667025317967926e+00
8.027968021712146296e+00
9.934497008728731871e+00
7.398770604366967873e+00
3.544099028423547626e+00
8.618018587217058268e+00
3.544099028423547626e+00
7.156747203239608446e+00
5.741429754253583262e+00
7.638325224574287198e+00
8.995228412771409054e+00
8.842712175054133539e+00
8.599470615837365273e+00
7.200804313251301991e+00
7.112006192062107601e+00
8.644357451136466253e+00
7.548417762355152938e+00
7.695522960276737656e+00
6.881831122878982576e+00
8.265229936326349502e+00
7.413958645479564069e+00
8.226768054435449784e+00
7.292774178661820095e+00
7.033660139793111554e+00
3.113598846875275328e+00
8.130874912598839543e+00
6.554242293301348887e+00
7.419635191275692598e+00
4.086129920508789759e+00
8.157998667144440219e+00
8.646873653886489208e+00
8.220986471112837535e+00
7.353471192840399517e+00
7.259398806376583302e+00
6.187728832023005943e+00
3.113598846875275328e+00
4.086129920508789759e+00
7.419635191275692598e+00
5.769725678866385543e+00
7.695522960276737656e+00
9.350494385833384214e+00
8.946725365040423483e+00
7.638325224574287198e+00
9.657380409829825041e+00
6.791973965626529441e+00
7.964323576124704651e+00
4.860076047155566847e+00
8.105624601086061531e+00
8.494090792982442295e+00
7.456067799204924462e+00
6.219129689354005563e+00
7.682685099638334236e+00
4.860076047155566847e+00
6.554242293301348887e+00
1.033932850778767865e+01
6.743052362227472507e+00
7.957978896319034767e+00
8.487173150340039385e+00
1.122509039408866016e+01
8.220986471112837535e+00
5.769725678866385543e+00
6.375381750673702719e+00
7.260084854761257311e+00
9.336976793670340058e+00
4.807442169243212327e+00
8.580345659266471969e+00
8.291728173151097891e+00
8.502674380390475406e+00
8.092779710565926266e+00
6.899349005541874469e+00
7.728473822764135193e+00
7.616743981539174868e+00
6.743052362227472507e+00
8.528651356787825932e+00
5.146150271153736355e+00
8.494090792982442295e+00
8.223771735072208600e+00
6.353958674883047664e+00
6.959281644658505961e+00
7.260084854761257311e+00
7.313827214814297761e+00
5.665983178494641059e+00
1.062863621995222729e+01
5.146150271153736355e+00
8.105624601086061531e+00
7.582928446378639720e+00
8.946719396322221129e+00
5.665983178494641059e+00
8.610365813922252087e+00
9.216153454307841386e+00
7.163833870662879022e+00
7.682685099638334236e+00
4.807442169243212327e+00
4.854970049501035056e+00
9.022952792760618124e+00
6.375381750673702719e+00
4.632506915070094600e+00
7.299803788270942562e+00
7.582928446378639720e+00
8.069213117841471217e+00
6.804958266605383166e+00
8.469143278488576954e+00
7.730497630418370569e+00
9.017594088081878567e+00
7.369984226626227652e+00
3.963582737217236307e+00
7.766372695065965281e+00
8.223771735072208600e+00
5.373321721837259091e+00
8.390337423308528386e+00
8.297436819299212729e+00
3.554228191999301512e+00
9.704332982777422956e+00
3.799615070793444627e+00
6.353958674883047664e+00
7.527703950163378899e+00
2.849291332375376573e+00
1.074576750559774219e+01
4.854970049501035056e+00
9.738158977615631429e+00
2.849291332375376573e+00
8.602781223037407443e+00
8.054103891723952913e+00
8.903841277451190805e+00
1.159995207807909701e+01
5.765113267844268030e+00
9.486255488541207370e+00
8.054103891723952913e+00
4.632506915070094600e+00
7.567235069290038751e+00
6.351488434570939923e+00
3.799615070793444627e+00
7.203967878031494187e+00
7.232989628038002827e+00
7.979390137466499944e+00
3.963582737217236307e+00
9.017594088081878567e+00
4.777404962702461511e+00
3.155408568135437353e+00
3.155408568135437353e+00
7.730497630418370569e+00
7.232989628038002827e+00
7.519081132494294550e+00
8.125598247392227691e+00
7.281564650411690209e+00
4.777404962702461511e+00
6.485730093603779167e+00
8.112668570015573621e+00
8.675994340626099088e+00
1.382431808064590228e+01
6.351488434570939923e+00
5.343451552953075279e+00
4.777404962702461511e+00
5.437228399935830403e+00
7.527703950163378899e+00
6.851662588608089521e+00
6.851662588608089521e+00
1.000404161056008157e+01
8.228011763454281535e+00
7.759853450548865439e+00
8.903841277451190805e+00
7.149631654438522332e+00
1.307383957394851670e+01
6.453832345620962307e+00
7.203967878031494187e+00
6.976482647348621668e+00
4.777404962702461511e+00
6.485730093603779167e+00
7.743135638030823387e+00
5.437228399935830403e+00
6.976482647348621668e+00
5.704291827587637975e+00
6.538014603105057887e+00
9.172688333218596668e+00
1.093444345312770594e+01
8.147752131500814343e+00
5.704291827587637975e+00
6.453832345620962307e+00
9.133717655373228439e+00
7.497537617815767774e+00
4.984049906086810644e+00
7.171488497093029935e+00
9.883358027042140392e+00
1.037034401419423268e+01
8.259550304634236895e+00
7.567920568987661412e+00
1.162105374743504527e+01
8.932405987845106310e+00
7.149631654438522332e+00
1.031965701335122176e+01
9.013749394021246530e+00
7.951305720575448710e+00
5.731158516629935917e+00
8.662707475537116508e+00
8.413882405916332630e+00
9.146184362912801902e+00
9.118920755965678637e+00
7.078877823303663774e+00
5.838602117387841517e+00
6.287243766638207276e+00
6.287243766638207276e+00
1.037034401419423268e+01
6.636188338109887397e+00
6.165591299458075270e+00
6.538014603105057887e+00
7.119344590078849677e+00
5.731158516629935917e+00
7.385167519289404403e+00
8.755807608219701166e+00
4.984049906086810644e+00
8.228011763454281535e+00
6.772173735132935413e+00
7.584085230051766047e+00
9.167423233276636552e+00
6.398368554970267574e+00
6.807968105850463303e+00
8.632170677867861741e+00
6.533594724829059786e+00
8.896006439545532274e+00
7.024739833899782404e+00
5.838602117387841517e+00
6.636188338109887397e+00
6.786960770565787726e+00
7.567920568987661412e+00
8.124905170737767079e+00
9.833105486983944488e+00
6.165591299458075270e+00
6.888348931038471790e+00
6.772173735132935413e+00
9.013175764255310085e+00
6.398368554970267574e+00
1.029510104588625552e+01
7.584085230051766047e+00
8.191469995199717857e+00
1.085233826586255645e+01
7.190018156693761320e+00
9.237991766441776775e+00
7.049808838172902270e+00
1.121575095709411940e+01
6.509001582984924816e+00
6.087836007386552950e+00
4.571778925348645828e+00
8.896006439545532274e+00
7.078877823303663774e+00
5.974160453439938401e+00
9.049150775406497260e+00
6.965854445596717071e+00
7.582935806738616336e+00
7.549225047553639101e+00
1.033344010854180972e+01
6.503841535471533319e+00
9.337277330459665237e+00
7.402661699987139521e+00
6.998425355320227581e+00
7.190018156693761320e+00
8.674421916940092459e+00
5.966299712596639715e+00
5.966299712596639715e+00
6.888348931038471790e+00
1.036379124676952479e+01
7.751481305526675136e+00
6.419113609275423293e+00
8.392425790610586134e+00
1.108038872633018990e+01
7.485985550184073745e+00
8.847525920385526987e+00
7.525248774735759483e+00
3.141894978980142916e+00
2.351902685045371033e+00
9.094163171824373393e+00
7.024739833899782404e+00
4.571778925348645828e+00
6.503841535471533319e+00
2.351902685045371033e+00
6.665753733281325921e+00
7.637225648479998519e+00
7.402661699987139521e+00
9.212396654042352750e+00
6.733406205687045620e+00
7.556426522183639527e+00
4.233424833081669725e+00
6.799569055937771722e+00
7.549225047553639101e+00
8.137773997563590100e+00
8.137773997563590100e+00
7.412558682725700621e+00
3.913802642691932565e+00
7.451438605157303385e+00
7.315813350453014507e+00
7.108058395671976726e+00
8.091725343463675557e+00
1.249844056187382435e+01
6.799569055937771722e+00
8.091725343463675557e+00
4.233424833081669725e+00
6.776052621544958576e+00
6.733406205687045620e+00
9.403313013215182536e+00
5.505969212682695790e+00
1.412693429421114999e+01
7.405132888541261948e+00
7.525248774735759483e+00
8.172934408519948235e+00
6.665753733281325921e+00
5.505969212682695790e+00
7.405132888541261948e+00
9.667479919356100737e+00
7.057384709617170238e+00
6.602829979125201199e+00
9.264753090083521769e+00
3.411547758961787302e+00
8.303039488696320802e+00
7.556426522183639527e+00
6.538911675273244128e+00
6.871685903440812204e+00
6.966092992549204332e+00
8.258212266408355262e+00
2.625458627873245021e+00
7.451438605157303385e+00
7.826774762215809922e+00
3.497292987016856980e+00
7.584658258300494005e+00
1.107516534120128249e+01
1.120938348339257473e+01
8.192632652343570854e+00
7.412558682725700621e+00
6.503647907209245460e+00
9.212396654042352750e+00
8.319948239037454840e+00
6.776052621544958576e+00
6.931494120757682786e+00
7.057384709617170238e+00
7.409385166439999892e+00
2.625458627873245021e+00
1.082489520331772503e+01
1.002114226801476526e+01
3.411547758961787302e+00
7.463860818579693301e+00
7.778714682263529134e+00
9.150588669231286332e+00
5.894537329141513737e+00
3.497292987016856980e+00
1.750305751915496533e+00
8.430588901397845447e+00
7.024201488974166629e+00
8.774429597050282581e+00
1.750305751915496533e+00
7.606006956870295710e+00
7.879013614828097367e+00
6.575859672008198764e+00
7.463860818579693301e+00
4.070471549832930691e+00
2.980663290787231468e+00
1.136711642756716323e+01
8.782539560792807620e+00
6.966092992549204332e+00
9.230438199488204987e+00
4.583835899188789753e+00
9.468439641328000533e+00
3.943562198383333328e+00
6.139097107679108767e+00
7.455486344189329984e+00
7.194988888586348885e+00
7.584658258300494005e+00
6.060600057155599352e+00
7.012654166166079506e+00
7.533975973545130600e+00
6.503647907209245460e+00
9.659412267358174375e+00
7.620486320477359854e+00
3.943562198383333328e+00
6.550987878555481814e+00
5.265482934922082414e+00
6.625120405887973796e+00
6.223962255124118492e+00
9.555756378519832950e+00
6.653857894888097313e+00
8.804791872231692906e+00
7.357591986227361325e+00
6.300388633995574139e+00
9.177753115911842841e+00
4.362716895604491718e+00
5.258402940468744902e+00
6.510868639124550050e+00
6.575859672008198764e+00
7.845379152166730208e+00
4.070471549832930691e+00
4.362716895604491718e+00
8.307929468895087766e+00
5.231297738404108166e+00
7.281959870508857513e+00
7.879013614828097367e+00
6.353148290386954500e+00
6.223962255124118492e+00
8.615375322592914387e+00
5.231297738404108166e+00
9.392889111393218471e+00
6.060600057155599352e+00
6.139097107679108767e+00
9.193719629461858389e+00
9.645064917206202182e+00
7.291176995318366494e+00
2.748035772163383683e+00
6.381979247065927119e+00
6.653857894888097313e+00
7.455486344189329984e+00
7.194988888586348885e+00
8.581776122686985531e+00
1.039157045253782741e+01
6.381979247065927119e+00
7.769265436627097898e+00
8.312223334494191818e+00
8.548498185682944950e+00
5.149112754336519160e+00
7.357591986227361325e+00
5.711218118544842071e+00
7.533975973545130600e+00
6.546185111693143988e+00
7.157710194735257048e+00
8.546955251998651804e+00
8.307929468895087766e+00
7.291176995318366494e+00
2.748035772163383683e+00
8.271414624676497240e+00
6.353148290386954500e+00
6.491818612185095816e+00
7.842226764558005492e+00
8.006498801696370293e+00
7.490652785864755359e+00
5.711218118544842071e+00
5.149112754336519160e+00
6.520339954708346042e+00
6.010287758372210298e+00
1.019797586078765050e+01
9.771383790965783689e+00
9.771383790965783689e+00
8.032283070195450847e+00
4.743860881031968901e+00
8.714219069303029030e+00
7.601079512785053893e+00
9.322356567957253759e+00
6.999815776383714550e+00
8.271414624676497240e+00
9.392889111393218471e+00
8.119628039667873054e+00
6.491818612185095816e+00
9.207186300387878219e+00
6.204065486151071340e+00
6.546185111693143988e+00
8.548498185682944950e+00
8.598696787325170732e+00
4.743860881031968901e+00
9.603067745530074362e+00
6.204065486151071340e+00
5.705031716135843922e+00
4.408026507673710626e+00
1.003762358379013619e+01
7.101137118447220509e+00
5.146934568573731106e+00
8.720713491454223032e+00
8.557313408984439818e+00
4.408026507673710626e+00
7.490652785864755359e+00
9.106719367575566437e+00
5.842264001460565126e+00
8.557313408984439818e+00
7.709648969417363773e+00
2.482172459670312303e+00
1.127311100813567535e+01
1.101770644077834582e+01
5.842264001460565126e+00
7.650961418499979239e+00
1.214914082762243375e+01
6.145648305077338946e+00
9.071644594866491218e+00
6.301846752989988865e+00
7.768676427565565312e+00
2.482172459670312303e+00
5.215933440300747570e+00
8.731933134445768019e+00
5.576482091520931661e+00
6.999815776383714550e+00
1.150634839671621457e+01
9.437437941169664057e+00
8.343203185152450629e+00
6.017594718489880812e+00
6.741088750855588785e+00
8.446215738272742968e+00
4.452876294127544377e+00
2.810196300465945818e+00
9.225808793126036633e+00
6.410432389633268002e+00
8.073888312315872895e+00
9.621463603723460878e+00
7.245000194468655508e+00
6.467957214628897944e+00
4.397588776420803924e+00
5.575493895087740626e+00
4.743439819429668525e+00
8.277381597031835625e+00
2.822283222054445595e+00
8.395438640867158853e+00
7.804518853963241298e+00
6.609329737345023936e+00
5.575493895087740626e+00
7.992468685696858088e+00
4.397588776420803924e+00
3.608347746136866263e+00
9.106719367575566437e+00
9.886545433733564536e+00
5.211231712563239249e+00
8.982582671108461980e+00
2.475306132658533276e+00
6.467957214628897944e+00
7.804518853963241298e+00
3.608347746136866263e+00
8.839438464688567976e+00
2.475306132658533276e+00
8.662353498889284964e+00
7.992468685696858088e+00
1.010209960865121559e+01
7.780482473081764105e+00
5.782009633903261836e+00
6.410432389633268002e+00
6.845349674925600425e+00
5.888732440475357599e+00
5.693436617045835035e+00
6.609329737345023936e+00
6.741088750855588785e+00
4.743439819429668525e+00
4.904358925882625897e+00
6.685363536755732028e+00
8.446215738272742968e+00
8.320858554816290109e+00
6.536428790809294398e+00
7.245000194468655508e+00
4.489040448459618027e+00
7.457604982389813841e+00
6.267589227424426035e+00
5.818285914969512085e+00
6.710307751969165402e+00
8.124928053393526639e+00
8.375182351135034509e+00
5.211231712563239249e+00
6.795591729374550027e+00
3.366780336344701752e+00
5.782009633903261836e+00
7.532293469803928332e+00
5.667520742285398150e+00
7.782842927059071769e+00
5.693436617045835035e+00
2.838558695105972252e+00
1.087847941255406958e+01
1.087847941255406958e+01
6.267589227424426035e+00
9.399241946637472367e+00
4.489040448459618027e+00
2.838558695105972252e+00
3.366780336344701752e+00
5.144296021135426500e+00
7.333940600176552138e+00
5.475291867362111375e+00
5.144296021135426500e+00
8.046732546832737754e+00
7.874925981925312790e+00
9.159547024624293599e+00
6.611364666170095106e+00
7.457604982389813841e+00
8.760832878964263770e+00
7.628380752816299903e+00
6.845349674925600425e+00
6.959230191351664985e+00
7.859607232906990149e+00
6.590023241462377612e+00
5.475291867362111375e+00
6.272682691385502274e+00
5.911012723824878634e+00
6.835162465817778532e+00
6.122192093223287834e+00
5.042819279262617194e+00
7.837386886101895378e+00
9.119989676325586103e+00
4.617650088153598453e+00
4.617650088153598453e+00
5.016520239661210745e+00
7.423883992641389540e+00
5.042819279262617194e+00
7.628380752816299903e+00
8.034816851900680845e+00
9.043549685259421267e+00
7.522292107644467762e+00
7.955663549903707832e+00
9.708330586487003089e+00
7.497619491041149331e+00
6.765673989435243563e+00
7.156715388565715763e+00
7.029656420767093294e+00
1.299689495936858386e+01
7.868951087678291323e+00
7.805099141633028204e+00
7.156715388565715763e+00
8.005663932710360697e+00
3.548898081439034957e+00
6.590023241462377612e+00
7.264787375636757361e+00
8.799786424109793614e+00
6.122192093223287834e+00
3.343954443759352024e+00
8.025984798850402058e+00
6.382508925005288880e+00
5.393355790132694949e+00
7.546636403114241887e+00
5.435716916923079900e+00
7.365860213344279650e+00
5.299590831912718514e+00
6.435982547841126333e+00
6.591710936880747163e+00
8.034816851900680845e+00
3.738654724954204145e+00
3.738654724954204145e+00
5.299590831912718514e+00
6.382508925005288880e+00
5.393355790132694949e+00
2.625458627873245021e+00
7.444090774245248454e+00
7.497619491041149331e+00
7.837386886101895378e+00
7.352956493527886828e+00
2.625458627873245021e+00
8.107570288501776190e+00
9.486962807870739312e+00
6.591710936880747163e+00
1.068972552484246741e+01
4.736707394473451238e+00
8.267425642420779042e+00
7.497299322218229811e+00
8.965297746583665628e+00
1.027410823769566406e+01
7.805099141633028204e+00
7.444090774245248454e+00
7.634610451733821357e+00
8.411779500335958559e+00
3.612003816143469770e+00
8.025984798850402058e+00
6.828871102156185202e+00
5.435716916923079900e+00
8.165065207786614820e+00
7.253302197047731603e+00
7.227510677330503341e+00
7.978293943869113392e+00
6.828871102156185202e+00
8.078331367312847178e+00
8.855965187689765372e+00
9.443394295318556786e+00
7.892350391437377155e+00
7.611509192909478472e+00
8.504191108915906128e+00
7.885513035560303585e+00
7.546636403114241887e+00
4.585520083122531787e+00
5.396507996903324944e+00
3.612003816143469770e+00
7.665314536440509308e+00
7.555196462060765228e+00
5.267394235487643961e+00
5.069654030134755018e+00
6.025244650916565803e+00
8.504191108915906128e+00
9.443394295318556786e+00
9.292873184678079213e+00
4.585520083122531787e+00
4.560288974246274663e+00
8.197424676781034591e+00
9.406629141401767313e+00
7.753371721545184947e+00
6.950997675532001097e+00
7.877548762797765391e+00
8.411779500335958559e+00
8.835162148949043726e+00
6.467979082248732858e+00
6.025244650916565803e+00
1.122015192562571961e+01
9.726716281656424101e+00
8.486253430530181774e+00
8.035513234634281687e+00
5.199737369077499061e+00
7.747457711007285752e+00
8.165065207786614820e+00
7.553205742855372051e+00
7.978293943869113392e+00
8.067570449538036925e+00
7.324003129083944685e+00
6.795605754786783415e+00
2.625458627873245021e+00
4.835235235974661983e+00
8.324620584522646638e+00
8.139641926398155647e+00
7.915175999629081360e+00
2.980663290787231468e+00
7.915175999629081360e+00
5.643553749263885422e+00
6.857404041851114407e+00
2.625458627873245021e+00
8.689102715637449847e+00
9.457820661135023954e+00
8.245462226593424759e+00
6.276702309620729281e+00
2.980663290787231468e+00
7.353367560143889925e+00
6.221237700972928941e+00
6.276702309620729281e+00
7.830883944979425415e+00
3.916112191981751423e+00
6.221237700972928941e+00
9.464716904935757569e+00
5.274375585931028176e+00
5.274375585931028176e+00
8.087881763571234117e+00
8.171247306139143518e+00
7.894182295782004921e+00
8.637899833862848098e+00
7.178624058700569854e+00
1.053489122472219108e+01
7.952736353107840550e+00
8.243498127638357431e+00
9.743663688275505663e+00
7.719893234901079815e+00
7.719893234901079815e+00
9.913746571075387592e+00
9.271331314414519298e+00
3.916112191981751423e+00
7.231126766519046178e+00
5.204033127360551347e+00
8.682407608015299871e+00
7.324003129083944685e+00
7.646571734575034363e+00
5.396652438058797685e+00
3.227404338728075306e+00
5.741429754253535300e+00
5.741429754253535300e+00
8.035513234634281687e+00
3.227404338728075306e+00
5.342595468278273252e+00
7.374546410941192676e+00
5.396652438058797685e+00
7.952736353107840550e+00
8.802506964720368643e+00
1.058050170986219030e+01
3.004573448052552997e+00
8.139641926398155647e+00
3.056777582164727392e+00
6.858348172820482702e+00
6.858348172820482702e+00
1.025443886148421591e+01
3.004573448052552997e+00
6.960461398793921894e+00
8.848575079880964367e+00
8.721529812671514392e+00
6.960461398793921894e+00
8.149492726985126723e+00
1.033658526508510178e+01
8.884276428560374583e+00
7.695083875736519197e+00
3.056777582164727392e+00
6.456456447293208001e+00
6.636887158942048615e+00
7.231126766519046178e+00
7.407868256584750455e+00
2.917176253192489188e+00
8.336769223282727737e+00
2.917176253192489188e+00
8.839437171237490176e+00
8.697338582721096500e+00
8.235736559993668493e+00
7.374546410941192676e+00
7.042292923405935490e+00
5.227455401205109098e+00
8.321177656221513175e+00
8.960068396470981966e+00
8.521420650538320984e+00
7.997972524361013136e+00
6.740973216383586930e+00
6.234720738654915273e+00
6.636887158942048615e+00
8.040967024652717399e+00
6.740973216383586930e+00
8.458299628044226637e+00
8.071185915968555946e+00
2.800600827482532473e+00
2.800600827482532473e+00
6.488005917587142513e+00
6.500028004129604575e+00
8.295058770476906318e+00
5.994628521320649384e+00
1.043695466610815537e+01
4.814100991551684139e+00
4.814100991551684139e+00
8.356388277538775000e+00
6.500028004129604575e+00
5.215340806430327270e+00
5.227455401205109098e+00
6.234720738654915273e+00
4.623517301576996807e+00
9.238845924308099811e+00
7.042292923405935490e+00
5.426878348881316150e+00
6.987241662124994868e+00
8.040967024652717399e+00
3.758065824080092376e+00
6.488005917587142513e+00
7.828319972012643291e+00
5.994628521320649384e+00
9.246964303255113649e+00
9.632025737481862748e+00
5.451296284768254452e+00
8.659639702130304428e+00
7.503314397710044048e+00
5.215340806430327270e+00
7.009166782887039204e+00
6.987241662124994868e+00
8.321177656221513175e+00
6.933549444787388438e+00
3.758065824080092376e+00
8.618884671520012475e+00
6.381961691012421944e+00
4.600395992774147125e+00
4.600395992774147125e+00
9.072484260522283961e+00
7.136524044201940420e+00
5.451296284768254452e+00
6.645441977105462250e+00
6.900241944981297948e+00
9.058746704224885704e+00
7.943330465541964536e+00
7.943330465541964536e+00
8.071185915968555946e+00
5.029274467725172393e+00
7.023028315875735395e+00
8.040123902528007349e+00
1.034028057606653306e+01
3.632042591939354637e+00
8.428113879263255726e+00
6.645441977105462250e+00
8.767651084258000438e+00
8.255371602143881660e+00
5.831382803463104558e+00
7.201821492781427025e+00
6.900241944981297948e+00
1.121563737913967707e+01
9.523504943270593159e+00
7.085230244943531375e+00
5.831382803463104558e+00
1.034028057606653306e+01
7.434549797665119364e+00
5.935546330886881883e+00
7.891842923237478047e+00
3.632042591939354637e+00
8.323441102359785404e+00
8.908506076991420386e+00
1.143903841868821658e+01
9.879121676505183913e+00
7.329113944205406739e+00
6.565773447750029135e+00
6.811834033087092344e+00
8.259462674678845318e+00
8.475859567329145250e+00
5.583935615547963138e+00
6.188693570485068740e+00
3.759084684292417489e+00
7.445781699416798460e+00
7.901990116518145868e+00
9.058746704224885704e+00
4.146567376735537991e+00
7.446517379010896498e+00
7.201821492781427025e+00
1.288392232504654444e+01
3.759084684292417489e+00
5.374521294398616256e+00
7.667096155057468998e+00
6.513865796810702768e+00
8.475859567329145250e+00
5.583935615547963138e+00
5.590826630476288805e+00
7.694659302237832676e+00
4.748818887292305391e+00
8.369004155224748942e+00
1.180564320867411254e+01
6.565773447750029135e+00
8.386109179461495700e+00
4.536041656532988853e+00
9.888128660732279585e+00
4.761346413189708748e+00
4.146567376735537991e+00
7.964609692719656131e+00
7.891842923237478047e+00
7.077465205918429092e+00
7.202363417327833695e+00
6.742605837337150909e+00
7.556290421831850068e+00
7.748433873231641122e+00
1.126366682870275326e+01
9.388243570547571082e+00
4.116875827664657983e+00
4.300248668876146318e+00
7.889110167546666830e+00
6.101015637100735134e+00
6.513865796810702768e+00
6.126070131704238086e+00
5.374521294398616256e+00
4.761346413189708748e+00
6.980675382456282385e+00
7.459532685497998195e+00
4.300248668876146318e+00
7.446517379010896498e+00
1.035696256265778814e+01
7.666076073686012293e+00
8.303827294404761972e+00
6.135350272134314942e+00
5.594362695582952405e+00
1.206507957586191893e+01
7.077465205918429092e+00
7.542964950177933225e+00
5.590826630476288805e+00
4.962340648914707941e+00
1.043061731579279972e+01
4.353194435714044630e+00
4.696563171230319078e+00
4.696563171230319078e+00
4.536041656532988853e+00
3.926959659092196464e+00
6.835162465817778532e+00
7.487370660736673678e+00
6.740943320870631972e+00
8.295058058044920912e+00
4.116875827664657983e+00
7.202989273226642730e+00
6.248524120237741286e+00
4.353194435714044630e+00
7.647861734711500326e+00
6.126070131704238086e+00
9.209984727781257874e+00
6.991648040952633814e+00
7.976792958717399351e+00
8.865010334639173095e+00
7.031559541740355357e+00
6.135350272134314942e+00
5.144698906650329917e+00
5.144698906650329917e+00
8.908686149408442390e+00
7.176386989064130972e+00
4.939679725808137079e+00
7.737427827108821710e+00
3.926959659092196464e+00
8.783306982029507992e+00
7.542964950177933225e+00
8.175346821432414757e+00
7.487370660736673678e+00
7.706349930836349671e+00
9.599402074105196192e+00
8.231620595228299919e+00
6.248524120237741286e+00
7.073045352508941619e+00
9.209984727781257874e+00
7.976792958717399351e+00
1.152790995455904444e+01
6.721489169829423460e+00
6.310817136270874705e+00
3.933322976466816723e+00
6.991648040952633814e+00
8.482189848225514694e+00
7.245324806130059692e+00
7.877695580499430861e+00
7.202989273226642730e+00
7.073045352508941619e+00
1.084199768922191964e+01
8.908686149408442390e+00
7.772365538772564086e+00
8.322387066466193417e+00
8.254534235103628603e+00
7.532877186571909967e+00
6.785962713378567379e+00
8.488172370264519984e+00
6.595990399645763169e+00
8.227454541603215432e+00
6.721489169829423460e+00
8.031966990975259790e+00
6.000590504525850299e+00
8.140480939964755080e+00
8.227454541603215432e+00
6.983918873384711290e+00
6.449271268078798691e+00
8.254732038016353357e+00
7.706349930836349671e+00
6.785962713378567379e+00
6.851698586058753371e+00
7.532877186571909967e+00
6.983918873384711290e+00
6.694268030238545109e+00
6.595990399645763169e+00
6.449271268078798691e+00
9.742644187211700668e+00
6.681595677826933866e+00
1.294899474258085093e+01
9.109851493126662092e+00
8.686510684003083682e+00
6.851698586058753371e+00
6.000590504525850299e+00
1.013085362079406160e+01
7.772365538772564086e+00
9.449536613660173501e+00
7.619662131078238865e+00
9.997150517876626452e+00
8.031966990975259790e+00
7.945359915062122802e+00
1.130708568529802704e+01
7.819552776617737067e+00
8.888206199217950854e+00
4.375764379788741110e+00
1.160143193792526617e+01
6.681595677826933866e+00
9.320475558566071683e+00
6.683244022068415724e+00
4.706618771255711486e+00
9.682196022455521245e+00
6.332721602794310733e+00
1.073733005037720645e+01
8.313325879340473179e+00
7.619662131078238865e+00
9.682196022455521245e+00
8.463597290673485318e+00
4.706618771255711486e+00
6.683244022068415724e+00
4.375764379788741110e+00
1.046410815406479422e+01
1.006663592542525620e+01
7.422082739912317706e+00
7.197066914539662186e+00
7.807708490923417344e+00
5.885574204962567890e+00
1.083791293734121197e+01
1.181093702698190029e+01
1.348112555064669316e+01
7.819552776617737067e+00
9.761256391360163320e+00
8.463597290673485318e+00
8.852811311126165705e+00
6.283294334877666643e+00
1.305063557553621756e+01
8.701699104978315447e+00
6.525432435542070309e+00
7.197066914539662186e+00
7.464205093666380186e+00
8.848982243029237083e+00
9.283124877091431415e+00
8.399089451519280658e+00
6.283294334877666643e+00
9.105248646442923643e+00
9.822783355108040126e+00
1.109152656510813806e+01
4.462421591885403771e+00
8.604464398105397649e+00
8.554809666382313438e+00
8.471873608732153116e+00
5.744924371189489065e+00
7.378639211564470557e+00
6.452672546158589206e+00
6.419113609275423293e+00
7.883065159727287607e+00
6.525432435542070309e+00
7.269678048821409000e+00
1.750305751915496533e+00
5.547494227612173923e+00
5.271426552920395636e+00
9.412626413414265869e+00
9.375811109135726795e+00
6.219048208897672403e+00
1.750305751915496533e+00
5.493283782775693957e+00
1.122032262913271339e+01
7.868492928570701928e+00
6.088448055521250346e+00
8.669253328384110446e+00
5.493283782775693957e+00
4.237224588766140165e+00
8.631759861894337860e+00
6.219048208897672403e+00
7.883065159727287607e+00
7.378639211564470557e+00
5.547416018560945794e+00
8.329738489157239911e+00
7.612876264980773300e+00
6.419113609275423293e+00
7.127122139325559047e+00
9.094908416837954590e+00
6.477026946747254321e+00
8.941629698344273791e+00
4.097360715635457673e+00
5.547494227612173923e+00
1.061296611130274137e+01
6.832179131878954870e+00
9.574054068620840852e+00
5.271426552920395636e+00
6.968084367187815431e+00
6.477026946747254321e+00
6.754217933752039826e+00
5.547416018560945794e+00
4.097360715635457673e+00
8.604464398105397649e+00
8.304520553175580133e+00
9.753555034906042920e+00
6.968084367187815431e+00
5.689008870284714803e+00
8.329738489157239911e+00
7.269678048821409000e+00
7.612876264980773300e+00
1.040211022679602770e+01
7.605920795478243512e+00
5.141271629599411419e+00
5.421346289895369708e+00
8.799786087533410850e+00
1.004233735934203153e+01
7.425918397975598495e+00
5.141271629599411419e+00
5.896795981655869490e+00
5.689008870284714803e+00
9.179192602623642117e+00
8.641519403848269221e+00
9.585153273250829997e+00
8.107394235397668680e+00
8.641519403848269221e+00
8.750862113831914257e+00
7.718068207883114873e+00
8.304520553175580133e+00
1.022293740999420919e+01
9.737272766148633352e+00
6.833034532907956482e+00
1.243521998125670258e+01
6.939294291918846724e+00
3.835733201547077531e+00
9.288355156227813936e+00
1.243521998125670258e+01
9.592615097110796185e+00
5.421346289895369708e+00
8.016633428125723881e+00
9.071624642317868137e+00
7.844826629007833674e+00
9.539915527394404293e+00
9.624270572490669196e+00
6.756270891202351692e+00
4.480026778226944728e+00
9.268096212379573373e+00
1.750305751915496533e+00
1.297572637887793157e+01
1.201108271474069333e+01
7.831793447855894819e+00
7.831793447855894819e+00
7.872990457958535693e+00
1.750305751915496533e+00
9.226283388145406050e+00
7.425918397975598495e+00
7.702234161009752000e+00
7.722441571355435741e+00
6.939294291918846724e+00
8.073430712512507768e+00
3.835733201547077531e+00
3.155408568135437353e+00
7.722441571355435741e+00
9.592615097110796185e+00
6.919527903096273747e+00
8.235647409285610010e+00
6.919527903096273747e+00
4.480026778226944728e+00
3.045621422384487964e+00
3.289999054759960906e+00
8.107023325880177822e+00
8.546024834432223827e+00
8.162909874878467420e+00
9.292885262961746662e+00
2.980663290787261666e+00
8.162909874878467420e+00
9.987456155283009451e+00
3.045621422384487964e+00
6.468963063690971182e+00
2.980663290787261666e+00
6.250171486253302433e+00
5.687808879255770833e+00
6.468963063690971182e+00
8.293911675744659817e+00
7.844826629007833674e+00
9.136864267153466557e+00
6.838089020795567130e+00
8.016633428125723881e+00
8.705300068468909913e+00
8.709524821067368805e+00
8.114004065005163469e+00
8.942750147510711400e+00
7.393638744613298286e+00
7.251316051780197114e+00
5.666974438221518362e+00
6.716208549110399773e+00
7.022455686748870107e+00
9.494258617381841958e+00
6.135614365421042216e+00
8.752584261418901335e+00
8.235647409285610010e+00
6.324676899334266800e+00
8.705300068468909913e+00
1.034510938176359751e+01
9.421440155586656928e+00
8.445797080791404454e+00
1.047668095180701897e+01
9.196992737167162701e+00
6.250171486253302433e+00
8.140509198547007941e+00
5.666974438221518362e+00
5.531903507256805241e+00
8.937115002124482288e+00
5.380618469335848530e+00
6.281322645672638316e+00
7.550132924886734820e+00
9.701523484037688050e+00
7.393638744613298286e+00
1.103742670339660137e+01
9.494258617381841958e+00
8.026343114939031409e+00
7.022455686748870107e+00
9.346398820240283456e+00
1.125115962905509726e+01
3.543843275291094219e+00
5.531903507256805241e+00
9.410344588792863618e+00
7.528349697376358840e+00
1.040186220988766941e+01
9.133995449121051990e+00
8.373935968945092512e+00
5.968927566225959325e+00
3.543843275291094219e+00
9.196992737167162701e+00
9.683554711765836487e+00
5.380618469335848530e+00
8.243291490077567119e+00
6.135614365421042216e+00
7.550132924886734820e+00
6.324676899334266800e+00
8.373935968945092512e+00
6.484404470783075247e+00
7.790624348122542564e+00
7.586286369621450199e+00
4.964344919340627271e+00
4.964344919340627271e+00
8.726606189357996257e+00
1.004080063987800564e+01
6.075918596153872642e+00
5.968927566225959325e+00
1.033997600573278852e+01
7.790624348122542564e+00
6.052103626322559826e+00
7.923246098023528639e+00
7.923246098023528639e+00
6.281322645672638316e+00
8.952452237116210298e+00
1.072408027467128200e+01
1.066735670822344240e+01
4.574709479682899982e+00
6.484404470783075247e+00
9.573718205375394419e+00
6.983318144841791586e+00
1.038799332112177964e+01
6.846641847036051054e+00
6.846641847036051054e+00
6.451295926126124236e+00
8.637517197165903937e+00
5.269118063373652738e+00
5.269118063373652738e+00
6.451295926126124236e+00
7.133170765135364633e+00
6.325597258557771774e+00
6.052103626322559826e+00
4.574709479682899982e+00
9.087601023485802898e+00
5.702291264530154891e+00
9.502629301005217854e+00
1.229733807306599225e+01
7.687428589910922483e+00
2.380673206594863700e+00
1.134695725219571116e+01
8.546743579422630077e+00
5.964537638409294296e+00
3.302470287780177483e+00
3.302470287780177483e+00
7.756167011813249523e+00
7.738488105452970167e+00
7.182881666809934451e+00
8.813097762094391996e+00
6.022679757901094000e+00
8.476591168802698917e+00
8.227191057515948813e+00
7.113094079746241860e+00
3.185604553446145015e+00
6.660975819249787655e+00
7.315142205019517618e+00
8.005092731533805406e+00
8.323419399305230115e+00
2.380673206594863700e+00
6.932361100542938637e+00
6.325597258557771774e+00
7.113094079746241860e+00
7.932928336500757460e+00
6.441126029863612601e+00
1.142048459594089849e+01
6.438780664757435268e+00
3.587757843212155962e+00
1.247086470091707966e+01
6.022679757901094000e+00
6.298846091271051328e+00
8.003809292434308276e+00
7.537640551225201158e+00
3.587757843212155962e+00
5.702291264530154891e+00
1.030755043470661647e+01
9.573718205375394419e+00
3.056777582164727392e+00
7.295731656862079362e+00
7.315142205019517618e+00
6.441126029863612601e+00
7.133170765135364633e+00
5.899383673175417897e+00
3.056777582164727392e+00
9.804703758746544651e+00
9.191234935935259642e+00
9.633458739965522710e+00
8.131579894943552489e+00
6.834902728717969111e+00
8.708313801220354478e+00
7.566784131804541680e+00
4.583799882527843650e+00
6.915340790731785425e+00
5.243934799684984327e+00
6.411044074922076064e+00
8.204984080459126972e+00
1.607988623476342127e+01
8.436965266292304477e+00
6.932361100542938637e+00
7.419695207724031683e+00
5.899383673175417897e+00
4.086129920508789759e+00
7.057969688186032542e+00
5.818285914969512085e+00
5.451296284768254452e+00
5.818285914969512085e+00
8.052584382429566645e+00
6.016915507330558022e+00
5.451296284768254452e+00
4.583799882527843650e+00
1.039635466948534948e+01
7.980921172339207281e+00
7.535933028130441969e+00
4.086129920508789759e+00
8.131579894943552489e+00
6.915340790731785425e+00
6.739150051544814168e+00
5.147803652809640695e+00
8.920241015722995215e+00
5.818285914969512085e+00
8.436965266292304477e+00
9.503076056401788207e+00
9.191234935935259642e+00
1.055192990919389295e+01
8.460570674555516035e+00
1.106277987612796743e+01
6.016915507330558022e+00
8.174308146891304361e+00
5.738663969634925088e+00
6.165947331480311711e+00
7.257314485835411055e+00
8.052584382429566645e+00
8.917829735962426341e+00
1.018109794435978976e+01
8.367860790268611737e+00
1.056112736358749338e+01
5.147803652809640695e+00
8.377028504706759193e+00
5.738663969634925088e+00
8.556147413520871936e+00
4.280267956058482426e+00
1.026230024378461891e+01
5.260151924689099978e+00
4.696563171230287992e+00
1.113490196406628741e+01
5.262150590594845134e+00
2.327556132787607979e+00
9.503076056401788207e+00
1.024694460005860641e+01
1.019116812487043333e+01
1.066394517798154240e+01
5.499758853670202896e+00
2.980663290787231468e+00
2.327556132787607979e+00
7.184786586560922395e+00
1.001841135273219940e+01
7.455194552156497068e+00
4.696563171230287992e+00
1.292940421445444876e+01
2.980663290787231468e+00
6.513238895272544404e+00
7.257314485835411055e+00
3.398479034650765840e+00
6.645159649275621305e+00
5.260151924689099978e+00
8.917829735962426341e+00
6.664965736238472438e+00
5.499758853670202896e+00
4.580988544249049887e+00
6.645159649275621305e+00
8.556147413520871936e+00
4.580988544249049887e+00
3.398479034650765840e+00
5.574700635807698923e+00
3.764174848688179420e+00
4.841106508092112293e+00
7.462164370706236838e+00
6.872659233409770252e+00
7.344687067660347957e+00
5.437228399935808199e+00
8.962461794480837796e+00
4.723443561507365551e+00
4.443310490825640890e+00
9.223816332122025230e+00
1.165639747811563609e+01
7.552914599955263597e+00
1.025293138348800959e+01
3.764174848688179420e+00
9.353346632246660519e+00
6.872659233409770252e+00
9.803277370918323186e+00
1.026230024378461891e+01
5.755723478706824103e+00
7.455194552156497068e+00
6.513238895272544404e+00
1.437400808729664980e+01
5.818285914969512085e+00
4.723443561507365551e+00
5.012112912389889985e+00
4.443310490825640890e+00
9.461075559896567455e+00
7.552914599955263597e+00
6.756852619979442309e+00
8.430588901397845447e+00
9.074419848527840671e+00
9.223816332122025230e+00
1.002281050796568707e+01
5.126371849363335009e+00
7.078934073682170869e+00
7.268918651474255199e+00
1.053982309036351595e+01
8.962461794480837796e+00
6.879476678898936548e+00
5.012112912389889985e+00
4.225054236986993672e+00
5.753589402673096487e+00
8.695289085574048116e+00
5.818285914969512085e+00
8.776938400039046684e+00
8.767657377950015984e+00
4.225054236986993672e+00
7.121493992481026325e+00
8.127476537230361231e+00
8.629290088359624633e+00
5.072466079432810915e+00
3.846278952535918449e+00
8.127476537230361231e+00
9.014647209932581617e+00
3.846278952535918449e+00
1.073567595098723793e+01
7.237650785823068311e+00
1.070406368929389629e+01
7.457191457092996245e+00
6.683329285066379022e+00
7.726091265055461399e+00
7.344687067660347957e+00
1.025487915229599523e+01
6.879476678898936548e+00
4.428656172315027284e+00
9.520025701510830274e+00
1.046062920948005726e+01
8.776938400039046684e+00
7.648558713231473405e+00
9.611030454317234017e+00
6.725728808737374109e+00
6.175071636847549783e+00
6.826217296488678699e+00
7.621762037157273184e+00
7.539471863216942182e+00
7.707426662919814930e+00
8.137793043565091367e+00
6.757889788678854259e+00
8.489648393771766166e+00
7.411594100513881678e+00
9.762917903545934806e+00
8.603452173509898770e+00
1.130805156874363249e+01
7.733675782554001010e+00
9.520025701510830274e+00
6.757889788678854259e+00
3.337286025401323464e+00
9.269868889867455053e+00
6.729604240115556912e+00
4.428656172315027284e+00
7.486506938236759723e+00
7.840271115865889762e+00
1.292940421445444876e+01
1.412896940346265318e+01
8.123688809293572177e+00
6.683329285066379022e+00
3.337286025401323464e+00
6.543936126155005972e+00
4.814397328918633256e+00
7.788716855571494513e+00
7.932388549291753854e+00
8.989959693257484119e+00
8.489648393771766166e+00
7.486506938236759723e+00
1.117031730994080085e+01
4.814397328918633256e+00
8.790882928923615225e+00
1.025487915229599523e+01
1.023951461727691914e+01
1.091774347020263747e+01
6.555156481111594324e+00
7.733675782554001010e+00
7.840271115865889762e+00
7.539471863216942182e+00
6.658674195658442763e+00
1.063574391446347001e+01
6.658674195658442763e+00
9.931344638741522957e+00
8.425016119666588921e+00
7.932388549291753854e+00
6.555156481111594324e+00
6.543936126155005972e+00
8.410028287157729210e+00
4.318130379836127020e+00
8.451979238713700937e+00
9.528989694114674336e+00
4.318130379836127020e+00
7.866645952933633446e+00
6.729604240115556912e+00
1.299907752319167642e+01
7.384548057149793010e+00
8.757093694844121146e+00
7.160161303414105838e+00
9.263102341869306144e+00
1.287132396286373570e+01
1.038129743668570093e+01
3.312017068406303721e+00
1.010330186671272834e+01
8.410028287157729210e+00
7.576933101727320263e+00
8.425016119666588921e+00
1.056834271081882726e+01
1.114749127565440112e+01
9.100434418363459343e+00
6.946679408704025782e+00
2.475306132658533276e+00
7.965190367542410499e+00
2.475306132658533276e+00
3.312017068406303721e+00
5.250917255746513135e+00
7.368070670442503634e+00
7.384548057149793010e+00
1.490859658569202217e+01
8.068510846820188931e+00
5.534952777746592112e+00
4.086129920508789759e+00
7.160161303414105838e+00
5.534952777746592112e+00
6.268729279917181429e+00
9.939044135767867161e+00
7.846777106439918548e+00
7.532842708695892675e+00
7.336051421275922024e+00
8.221348555006414927e+00
6.058020245018054695e+00
9.652163561675838110e+00
7.710868096027623686e+00
6.192456777657793232e+00
1.228350605504839699e+01
6.755274367119309176e+00
6.268729279917181429e+00
5.141677524860410742e+00
8.068510846820188931e+00
7.497820390405014912e+00
7.361353694241961954e+00
7.910067439082177465e+00
7.368070670442503634e+00
9.019379971930989726e+00
6.352428433771016181e+00
7.361353694241961954e+00
5.141677524860410742e+00
9.827247650813552227e+00
5.957311563167900559e+00
3.357922037831150952e+00
9.559582293815365617e+00
8.976795144008766769e+00
7.336051421275922024e+00
8.445579829439711972e+00
1.121109228844770733e+01
3.357922037831150952e+00
2.533076713862270513e+00
7.962410049442534721e+00
1.065178342745118911e+01
3.852440234134705488e+00
5.743260718356028249e+00
3.764174848688179420e+00
2.231210795942701886e+00
1.350573845473549284e+01
6.755274367119309176e+00
6.953463968177798549e+00
7.710868096027623686e+00
2.231210795942701886e+00
3.852440234134705488e+00
7.920917833155342258e+00
2.533076713862270513e+00
6.058020245018054695e+00
9.360777147892354932e+00
9.019379971930989726e+00
1.029896401279917484e+01
6.041590957539948903e+00
8.198495952936069031e+00
2.302167780500819827e+00
8.888628146169207156e+00
5.957311563167900559e+00
2.302167780500819827e+00
8.915468834140002130e+00
5.743260718356028249e+00
7.019283229817961711e+00
6.013912910228125241e+00
6.211840152888917110e+00
4.903980655317627502e+00
5.955010421608720961e+00
9.925492622764632955e+00
8.915468834140002130e+00
6.013912910228125241e+00
6.652379961997413993e+00
3.208893878511710707e+00
7.054632146406308202e+00
7.054632146406308202e+00
5.793368087770486063e+00
9.582238730048588948e+00
6.804967729169311141e+00
7.938439914088532667e+00
6.041590957539948903e+00
7.902457104958991785e+00
8.584659523133110426e+00
7.814627559916049293e+00
3.208893878511710707e+00
9.486272648511706151e+00
8.238873832764944893e+00
8.144095737117190481e+00
6.652379961997413993e+00
7.902457104958991785e+00
6.406195567652204659e+00
8.815415284922885064e+00
8.276785701327247224e+00
1.043913364271150535e+01
7.962230021639957300e+00
6.584500423484482390e+00
6.211840152888917110e+00
6.915541352124110475e+00
7.160660087038341004e+00
6.476116773624049472e+00
7.480971982284552624e+00
7.892553832151416593e+00
1.087930508631089843e+01
7.876375883619734175e+00
8.978595506950870941e+00
9.261556104410722412e+00
6.804967729169311141e+00
9.012599759857941706e+00
1.750305751915496533e+00
8.608459154235521993e+00
7.121177763326949517e+00
6.869705684926230127e+00
8.694841315375219537e+00
8.314958835726093511e+00
7.383253949969975416e+00
8.032893918389916621e+00
6.483477070883377991e+00
1.750305751915496533e+00
8.960965684812705945e+00
6.274847529918135436e+00
6.806565645178291213e+00
7.160660087038341004e+00
6.453055240182125729e+00
8.815415284922885064e+00
1.100229058750561073e+01
6.915541352124110475e+00
8.770922966383858821e+00
9.679792414530449918e+00
1.200630898648311806e+01
7.962230021639957300e+00
6.274847529918135436e+00
8.276785701327247224e+00
1.258492759516679449e+01
6.869705684926230127e+00
8.954346482655038741e+00
7.127974958820128215e+00
7.458825545616647013e+00
6.761194014185263335e+00
7.876375883619734175e+00
8.081547299961487241e+00
5.256438000870544691e+00
3.195430404860726714e+00
8.694841315375219537e+00
9.505547940614681224e+00
3.195430404860726714e+00
8.032893918389916621e+00
8.714753793032880225e+00
9.617669138316166766e+00
8.989094422820329555e+00
7.383253949969975416e+00
6.927659062939177659e+00
6.453055240182125729e+00
8.867948304202947440e+00
6.761194014185263335e+00
6.279684507957907336e+00
5.780817556550078784e+00
8.418791412375812300e+00
9.282904937233164233e+00
9.282904937233164233e+00
7.970332406213957555e+00
7.849318517900602643e+00
8.765449105101248861e+00
8.058203465333553694e+00
8.948996188297638099e+00
7.122248788838106748e+00
6.825479123835227035e+00
9.381399012362367174e+00
2.642454150421135406e+00
7.167052399121787154e+00
8.315845542492956710e+00
7.265366111561945672e+00
9.505547940614681224e+00
8.720678727508838435e+00
3.878857276646302754e+00
6.845049477311733632e+00
7.127974958820128215e+00
2.642454150421135406e+00
7.156332676889577193e+00
7.167052399121787154e+00
8.021873378941325683e+00
8.988539639689294702e+00
8.256433398816296787e+00
5.926729579138004134e+00
7.846025475324575282e+00
7.338338554966037819e+00
6.279684507957907336e+00
6.271810317135961377e+00
7.291794074744354148e+00
6.192824311418607230e+00
7.907997762152946031e+00
7.784336832929018790e+00
7.026782453003387552e+00
4.801084619568595002e+00
4.642267394338603026e+00
8.765449105101248861e+00
5.780817556550078784e+00
1.148446725268237145e+01
7.353367560143889925e+00
5.818285914969512085e+00
4.492430455248288546e+00
8.525145434255710697e+00
7.291794074744354148e+00
6.845049477311733632e+00
1.081155376368290533e+01
7.869971654939032391e+00
7.297606994198087449e+00
6.765420715709909771e+00
8.622942813227462366e+00
5.801413945644100068e+00
8.256433398816296787e+00
6.445250041520330875e+00
8.273492026664683863e+00
6.677385361489870164e+00
4.801084619568595002e+00
9.491918571261159343e+00
6.744021587056352018e+00
6.738049983071388915e+00
5.818285914969512085e+00
6.271810317135961377e+00
9.310388856226532894e+00
8.387139634181410841e+00
7.338338554966037819e+00
5.801413945644100068e+00
8.071272941400117418e+00
6.192824311418607230e+00
5.677596438345593022e+00
7.044844756845479061e+00
7.434047513020042075e+00
9.728642279887818489e+00
4.730610978239819353e+00
5.689491276801967423e+00
7.353367560143889925e+00
6.677385361489870164e+00
5.953938516719678553e+00
4.492430455248288546e+00
7.026782453003387552e+00
4.274183026229728455e+00
5.911794429055809985e+00
7.904620422136177105e+00
7.997419586506160805e+00
1.100241689401670087e+01
9.294821215520558511e+00
7.572650319948843745e+00
5.677596438345593022e+00
6.738049983071388915e+00
5.689491276801967423e+00
6.983180429906900244e+00
8.041461253680614263e+00
8.455529110432969730e+00
5.911794429055809985e+00
8.346832043115478328e+00
9.327303853878088802e+00
8.622942813227462366e+00
9.639013348205732967e+00
3.854648569216634790e+00
4.730610978239819353e+00
8.180923906308414928e+00
7.029951337514027898e+00
9.550310931138541903e+00
8.041461253680614263e+00
5.953938516719678553e+00
9.461650882180585143e+00
5.548599754342611767e+00
7.321731605710361634e+00
1.166650068514714000e+01
7.384548057149793010e+00
1.080210412593676139e+01
3.712959198987799248e+00
1.076220672510195264e+01
8.073040479015441306e+00
9.466225704406310726e+00
7.076062322753402078e+00
8.267002982075464246e+00
9.473183020538586518e+00
1.153794521849898835e+01
3.854648569216634790e+00
8.099693710881641806e+00
5.146150271153724809e+00
3.712959198987799248e+00
5.112029740225057850e+00
4.274183026229728455e+00
5.626131779231314134e+00
9.509144455407222196e+00
7.355280368767433963e+00
5.978027985158682611e+00
5.112029740225057850e+00
8.719211715597408485e+00
8.715427133607470012e+00
8.715427133607470012e+00
7.029951337514027898e+00
5.204139918379192764e+00
7.748952429794565333e+00
5.075886680554900110e+00
7.064386666110497259e+00
5.204139918379192764e+00
8.470680692173639059e+00
5.626131779231314134e+00
7.537173510229973949e+00
1.306870710344308151e+01
7.076062322753402078e+00
5.146150271153724809e+00
5.548599754342611767e+00
7.703980747355908321e+00
8.751996290968071079e+00
6.953575295575679327e+00
5.796002075586596192e+00
6.334166581906147897e+00
6.850327123597568679e+00
7.831709543068794410e+00
5.986966814231152512e+00
9.558355432445916122e+00
9.590489658549872232e+00
8.099693710881641806e+00
5.603712591504121043e+00
6.834844731087690306e+00
6.250057345283029697e+00
8.950044677434261686e+00
8.116016884038129930e+00
6.527758502403140817e+00
7.228656803923158236e+00
7.406970702515510929e+00
1.076870145623951736e+01
6.834844731087690306e+00
9.809816950687737958e+00
7.726713809012048628e+00
6.936175074941668406e+00
6.416732042224769117e+00
7.562274741486516128e+00
3.982773635626597031e+00
5.796002075586596192e+00
1.013288195686136639e+01
9.634650148580702123e+00
8.751996290968071079e+00
7.228656803923158236e+00
7.134643230246147994e+00
9.006751739447565797e+00
9.324852862337881021e+00
6.919305939605638223e+00
6.919305939605638223e+00
5.986966814231152512e+00
3.982773635626597031e+00
7.296099783159887053e+00
6.416732042224769117e+00
8.116016884038129930e+00
8.446843843149622444e+00
6.250057345283029697e+00
6.850327123597568679e+00
8.548846328522492044e+00
7.529707971011344370e+00
8.903764496713051813e+00
6.259969934765650557e+00
8.239351314232189694e+00
5.334919526947110135e+00
1.203702115795284300e+01
6.129217473409200423e+00
8.967863428234757350e+00
5.334919526947110135e+00
6.845924627433709553e+00
5.860247047100469509e+00
8.903764496713051813e+00
6.354491132375798657e+00
7.853912928884443367e+00
9.301310800239253496e+00
5.760207795771653316e+00
7.120164774021146670e+00
7.628280484917793203e+00
9.774628567149841629e+00
9.281342748137273446e+00
2.490728749985966495e+00
6.129217473409200423e+00
5.270230356542261241e+00
6.936175074941668406e+00
7.628280484917793203e+00
1.160465704997502279e+01
7.016764032351087366e+00
6.654514967222952215e+00
6.259969934765650557e+00
2.490728749985966495e+00
8.326965131277038523e+00
6.354491132375798657e+00
9.301310800239253496e+00
5.030287830439382546e+00
1.301029422148155135e+01
9.246369278194380925e+00
7.216839621040337605e+00
9.281759109035142785e+00
8.692713958208567959e+00
8.768820256186939943e+00
8.326965131277038523e+00
5.270230356542261241e+00
6.203283059555214862e+00
5.698582664750753146e+00
7.529707971011344370e+00
5.860247047100469509e+00
8.768820256186939943e+00
5.030287830439382546e+00
9.787062225724531217e+00
7.820165524796292900e+00
5.698582664750753146e+00
7.216839621040337605e+00
1.065849476268205187e+01
6.729148800816162179e+00
2.739661849884353018e+00
2.739661849884353018e+00
0.000000000000000000e+00
