5.866969744643971474e+00
6.454733352735866347e+00
5.318713216091905061e+00
7.115495057287318126e+00
1.093363283742523961e+01
6.895568565952263640e+00
6.895568565952263640e+00
8.532760728167506414e+00
7.123723951773299312e+00
7.145034839618375599e+00
6.703969970143899282e+00
7.040363693572765591e+00
8.080554329524213486e+00
9.056964195023333275e+00
1.081741315530827663e+01
1.117814847916287846e+01
7.893200523999603035e+00
5.459750473294141315e+00
6.415149796532351623e+00
7.011648781300507061e+00
8.993476726068243110e+00
1.014807593090838544e+01
8.891406497305958112e+00
7.532477842590735051e+00
8.785308251091262122e+00
1.074295279196580211e+01
7.693840098888718337e+00
7.693840098888718337e+00
6.886688528056895464e+00
1.234269777863501716e+01
8.508926718637303210e+00
7.786685902077471688e+00
1.109544747678581800e+01
1.199315055529446283e+01
8.090464059932163110e+00
1.249483633226905432e+01
7.115495057287318126e+00
7.786685902077471688e+00
5.318713216091905061e+00
5.502423677477013442e+00
7.123723951773299312e+00
6.703969970143899282e+00
8.534625386622018084e+00
1.055984337274038509e+01
7.893200523999603035e+00
5.459750473294141315e+00
6.886688528056895464e+00
5.280272770179573527e+00
6.454733352735866347e+00
8.080554329524213486e+00
1.081741315530827663e+01
7.011648781300507061e+00
8.993476726068243110e+00
8.752726776406881015e+00
1.009257227362252785e+01
6.580428417100672611e+00
8.344089016047474772e+00
9.150636287431957783e+00
5.502423677477013442e+00
8.579417848007148351e+00
6.580428417100672611e+00
8.961122333555106678e+00
8.590142228146378400e+00
8.354887701228946639e+00
8.534625386622018084e+00
9.200821504053267930e+00
1.131410976974044047e+01
8.961122333555106678e+00
8.854887234656684925e+00
5.280272770179573527e+00
7.624162848529824288e+00
9.148944402871489245e+00
7.631546262209255360e+00
7.863526330523759711e+00
8.660919319583388898e+00
8.123581815628712732e+00
1.159575795918686936e+01
7.787086226830671087e+00
7.352696590786409025e+00
9.149151944719228879e+00
8.322778282646133619e+00
9.240715719514316362e+00
7.624162848529824288e+00
8.096557068536160529e+00
7.388088081456913869e+00
5.319961063827864933e+00
1.098925102859885250e+01
9.957153394124990342e+00
8.752726776406881015e+00
7.146986731009842941e+00
1.109998043052956085e+01
8.623056660413631391e+00
4.603068907135098975e+00
8.117076388341230242e+00
7.863526330523759711e+00
7.388088081456913869e+00
8.579417848007148351e+00
9.200821504053267930e+00
7.198913956034659556e+00
7.714106953283548229e+00
7.714106953283548229e+00
8.861224767095293942e+00
7.631546262209255360e+00
5.749911200601891537e+00
5.319961063827864933e+00
8.597529122395927814e+00
5.749911200601891537e+00
8.721877556231497408e+00
8.711415500367715836e+00
8.403893008532646647e+00
7.337701970717721345e+00
8.257005812859775418e+00
1.001284300382203085e+01
6.720430776793793193e+00
8.261196888071429711e+00
1.431604967422485331e+01
7.913955575539201703e+00
4.603068907135098975e+00
7.792904342737262624e+00
5.726844009091360377e+00
7.198913956034659556e+00
7.673380928287643066e+00
8.257005812859775418e+00
7.143502476525205758e+00
7.351292019486870721e+00
8.000650737054829875e+00
1.009835463175064874e+01
7.792904342737262624e+00
7.337701970717721345e+00
9.210610690792993438e+00
5.726844009091360377e+00
9.933984710951753172e+00
7.913955575539201703e+00
8.711415500367715836e+00
6.720430776793793193e+00
8.916491935145273828e+00
6.147722714769006558e+00
7.096312190207636483e+00
9.605997205327680533e+00
1.290816101676542793e+01
5.867784544973530636e+00
5.867784544973530636e+00
9.210610690792993438e+00
1.190682717132451351e+01
8.416623816324513285e+00
1.053316336931503727e+01
7.673380928287643066e+00
9.283460028308349266e+00
8.514689348707667804e+00
4.441268874913473219e+00
8.423523931023259692e+00
7.351292019486870721e+00
9.524252433707141918e+00
5.822311133733265365e+00
9.702328750898645993e+00
8.358772098720679722e+00
8.223065019586728752e+00
7.926482950538511041e+00
4.441268874913473219e+00
7.967017310278887265e+00
5.822311133733265365e+00
1.145335229792776666e+01
9.006302852745214693e+00
7.563171559946783695e+00
7.096312190207636483e+00
7.316543503833116802e+00
8.299036933187261766e+00
1.261914272535921810e+01
8.643501949869483170e+00
7.064767107104320765e+00
7.289664417310603994e+00
7.967017310278887265e+00
1.185284658560164672e+01
8.158645656322081052e+00
7.707091538734841762e+00
7.563171559946783695e+00
1.079460372688799374e+01
9.393749613590829384e+00
9.523024603588146064e+00
9.605997205327680533e+00
1.014204412337859296e+01
7.803030063027219576e+00
8.319946293065733300e+00
6.465508319376369606e+00
6.985519298768343432e+00
7.556434854202882967e+00
9.773338192261851631e+00
6.948307749912069120e+00
6.942002406759939959e+00
6.118985345689634592e+00
1.063081966282505419e+01
7.064767107104320765e+00
8.934637542304592728e+00
8.556137232887975230e+00
6.488946266827560372e+00
6.125296241258771701e+00
6.747755124942274918e+00
7.241741131925484964e+00
4.330134586814483377e+00
8.643501949869483170e+00
7.513387234443004381e+00
1.044493420459636823e+01
1.125968616113706489e+01
7.849289336878244150e+00
6.985519298768343432e+00
7.491539890920633660e+00
8.158645656322081052e+00
8.934637542304592728e+00
5.409078839033739428e+00
6.118985345689634592e+00
6.419665936679289864e+00
9.238252432170490636e+00
6.465508319376369606e+00
7.979675326981971573e+00
6.942002406759939959e+00
4.956368917435535870e+00
6.930864583282276392e+00
6.510089666701913913e+00
6.855426565046493614e+00
6.855426565046493614e+00
6.761348548792174284e+00
7.513387234443004381e+00
4.330134586814483377e+00
6.747755124942274918e+00
7.379070155026689726e+00
7.491539890920633660e+00
7.642231280847192387e+00
3.568738372911365975e+00
4.157782924297855232e+00
9.701922460561144490e+00
7.445840226210292734e+00
5.954779584234230150e+00
5.954779584234230150e+00
7.661007140762675860e+00
6.538017325500837806e+00
2.419013595947016704e+00
4.499930504818871135e+00
7.800076706657874226e+00
6.761348548792174284e+00
7.260113707458901722e+00
4.956368917435535870e+00
7.930137118209342084e+00
7.909778701684182955e+00
8.631024090983382635e+00
2.419013595947016704e+00
4.157782924297855232e+00
8.775163748139515718e+00
6.419665936679289864e+00
9.898762063367810171e+00
5.866969744643971474e+00
7.642231280847192387e+00
1.004992575484521744e+01
7.101214986704158960e+00
9.019632429219072378e+00
7.260113707458901722e+00
6.538017325500837806e+00
1.150675895152091677e+01
3.814783754047174291e+00
7.010496534030051130e+00
6.092017438356079673e+00
6.682440222032731469e+00
1.049025093978986511e+01
8.645771734257577279e+00
7.445840226210292734e+00
1.021416553471519073e+01
8.564371791590609462e+00
9.446322786045566744e+00
5.866969744643971474e+00
7.101214986704158960e+00
7.081664445536991259e+00
6.682440222032731469e+00
1.021416553471519073e+01
8.523341222511200854e+00
7.860736777604977021e+00
9.203803877166587100e+00
1.215491960564681051e+01
7.328741886611667589e+00
5.840907111361777204e+00
1.035801606475044423e+01
5.794153594207255509e+00
1.199323787600888025e+01
7.069881121984357364e+00
8.006134311088326072e+00
8.892110478127065676e+00
7.010496534030051130e+00
5.794153594207255509e+00
6.785508068331505882e+00
7.069881121984357364e+00
8.489309906055686028e+00
9.019632429219072378e+00
7.351358588024403673e+00
7.081664445536991259e+00
8.006134311088326072e+00
9.789940363890206498e+00
7.827513940743292764e+00
9.133422091200376514e+00
1.015435690879779429e+01
8.154012128384939828e+00
1.103327689173972814e+01
8.489309906055686028e+00
3.568738372911365975e+00
4.198972753594450324e+00
7.275987909355561278e+00
7.220543412851124110e+00
5.840907111361777204e+00
3.568738372911365975e+00
7.351358588024403673e+00
9.630290770024910074e+00
9.413190896906696636e+00
7.172145178485903827e+00
6.572010208453624713e+00
7.623964566728575143e+00
7.220543412851124110e+00
1.009980870718224466e+01
1.300700914059358659e+01
6.968334946310920763e+00
6.785508068331505882e+00
6.931857788889679739e+00
4.198972753594450324e+00
7.924780491439416430e+00
1.186933720007584547e+01
6.511544998860247624e+00
8.651230293942719030e+00
7.257040787841050111e+00
7.485417672164605740e+00
1.273434370209470501e+01
7.206841609377278246e+00
1.038411289793802617e+01
9.501012429733080467e+00
9.213642585976980826e+00
7.275987909355561278e+00
1.012533219329256795e+01
6.836464461154580619e+00
7.514776262992122646e+00
7.228584570858572533e+00
1.037703889935798429e+01
8.343509418261373156e+00
1.057739140294791191e+01
8.889401916506047385e+00
1.009299702100396878e+01
6.968334946310920763e+00
8.429738909807444003e+00
6.328717423336500225e+00
7.209161342678214623e+00
5.590274735651471261e+00
7.331317108180405384e+00
7.096604320063357285e+00
8.825451520476418565e+00
6.511544998860247624e+00
7.663878552939181077e+00
6.412992230583222764e+00
1.118402408645905943e+01
6.175664988881841566e+00
7.485417672164605740e+00
7.514776262992122646e+00
6.412992230583222764e+00
7.407313708599952307e+00
7.750175985296767323e+00
7.663878552939181077e+00
1.075222140537717941e+01
6.647989672165980579e+00
7.137476745822731949e+00
9.562260799445159165e+00
5.590274735651471261e+00
6.647989672165980579e+00
7.475895048198429649e+00
6.175664988881841566e+00
1.035835288404738463e+01
7.096604320063357285e+00
9.638992771109426982e+00
6.559471585479251132e+00
6.698032752499763376e+00
5.565896206911423505e+00
6.328717423336500225e+00
7.281890054533192824e+00
1.069515757235332387e+01
7.272097888286722878e+00
9.926671297988331588e+00
9.023873926854438565e+00
9.023873926854438565e+00
5.860447263756301872e+00
6.798600390850870312e+00
9.760087147965380794e+00
6.895063407947886525e+00
9.162317818945258097e+00
7.135547437300980178e+00
5.565896206911423505e+00
6.521548352827492678e+00
7.954786692751792287e+00
6.559471585479251132e+00
7.277641889942387365e+00
5.860447263756301872e+00
5.815189070031435037e+00
1.118402408645905943e+01
1.022430003368819662e+01
1.116081748668127815e+01
9.562260799445159165e+00
7.407313708599952307e+00
9.897679827139999276e+00
6.627656978263964049e+00
8.774473883534501084e+00
5.811975161895200692e+00
8.120358078285567771e+00
7.731873444537929352e+00
7.532956638239592273e+00
5.815189070031435037e+00
9.638607287391556255e+00
6.521548352827492678e+00
1.397648341840980102e+01
7.420589167803748332e+00
7.272097888286722878e+00
7.779322417929240174e+00
7.625462909255463551e+00
4.565526259259527819e+00
8.288384576050574992e+00
5.811975161895200692e+00
8.568182120048668082e+00
6.632855154383038965e+00
7.695842947414976543e+00
7.919865898699214313e+00
1.076340941263369722e+01
7.835982314572318863e+00
7.489507652093718271e+00
1.163915254588241410e+01
4.565526259259527819e+00
1.142817921515271884e+01
6.627656978263964049e+00
6.632855154383038965e+00
6.876471545617917513e+00
7.919865898699214313e+00
9.559301524468818201e+00
1.046579665367699619e+01
6.432527455059058319e+00
8.534621114529226560e+00
6.979338605048393873e+00
8.169125770744789961e+00
7.489507652093718271e+00
6.846605546543795384e+00
1.001929656415854453e+01
8.504555981518366892e+00
7.751919298945005643e+00
1.054095151061417290e+01
5.994653674724562009e+00
6.432527455059058319e+00
9.518999396674303171e+00
1.167081582316062160e+01
1.014399474849614435e+01
5.374605425503267142e+00
5.994653674724562009e+00
6.832408758473634158e+00
8.288384576050574992e+00
1.159991586578648715e+01
5.374605425503267142e+00
1.018525767091692913e+01
7.577788874313336365e+00
6.689374722643220750e+00
1.142817921515271884e+01
8.534621114529226560e+00
1.101430578631610757e+01
7.641098950818443036e+00
5.861262970805115380e+00
1.397648341840980102e+01
8.668311209135652007e+00
8.405474440957785731e+00
6.979338605048393873e+00
8.615531132061635233e+00
1.086411630012112717e+01
1.232516159027042946e+01
1.101430578631610757e+01
1.060303219135077768e+01
6.832408758473634158e+00
9.869210378748599410e+00
1.245093972694774465e+01
6.689374722643220750e+00
6.932657767704880847e+00
7.458356754923483045e+00
8.166398369700187843e+00
5.861262970805115380e+00
8.405474440957785731e+00
8.822483538091887567e+00
6.868721750457068786e+00
1.088877222539486134e+01
6.833663392415404658e+00
1.085563185583260370e+01
6.761072435581140461e+00
7.856413597719978270e+00
1.140627491629509471e+01
8.091390442800452831e+00
9.925438828480878328e+00
1.023187448869985872e+01
9.058074909235141803e+00
6.868721750457068786e+00
1.132448887112304803e+01
7.821452844225277978e+00
6.225946088772945863e+00
6.225946088772945863e+00
6.761072435581140461e+00
7.834690209901941316e+00
5.693681791834367623e+00
1.097924070916299044e+01
7.710134961906554452e+00
7.954138806933653605e+00
6.971398329738151212e+00
8.214373394671500961e+00
8.822483538091887567e+00
8.436937461406154526e+00
5.693681791834367623e+00
7.543281020710376872e+00
6.971398329738151212e+00
7.834690209901941316e+00
3.245447303420246676e+00
9.444336469402198730e+00
6.249118456196481652e+00
1.232108346286229228e+01
7.543281020710376872e+00
8.383716025683655815e+00
8.507194347618083796e+00
1.040986007376895373e+01
7.307238791176020598e+00
8.766864757162901256e+00
1.065289460493889351e+01
6.249118456196481652e+00
9.044404261675161649e+00
6.520589643081647679e+00
8.190157029542588063e+00
3.245447303420246676e+00
7.496314055291236400e+00
6.520589643081647679e+00
9.093462435057777071e+00
1.190156719627776916e+01
9.796434110551311747e+00
1.064309741181310187e+01
1.064309741181310187e+01
1.332127465459649862e+01
7.954138806933653605e+00
7.307238791176020598e+00
8.970949156326804896e+00
1.122247015843073470e+01
7.496314055291236400e+00
8.538639705070089292e+00
8.057684846171682125e+00
6.624460309971234473e+00
9.277296459094667824e+00
9.277296459094667824e+00
8.540695593184723933e+00
8.538639705070089292e+00
7.019323357922769624e+00
6.950457172427504382e+00
8.057684846171682125e+00
7.507857309179014393e+00
9.093462435057777071e+00
7.980270417337580469e+00
1.033568716661961240e+01
6.624419500817041673e+00
9.796434110551311747e+00
6.624460309971234473e+00
9.520902656257863583e+00
8.389402035710208594e+00
1.209785399412601237e+01
9.154314729477457391e+00
8.466484845318655417e+00
8.389402035710208594e+00
1.412230291122823722e+01
9.161914236052080440e+00
1.109264204385804753e+01
6.950457172427504382e+00
7.190861758520366465e+00
7.019323357922769624e+00
8.317601953900750189e+00
7.980270417337580469e+00
8.853825483426531306e+00
6.624419500817041673e+00
9.030433100462447626e+00
6.913352945447266862e+00
7.212830960231206845e+00
1.052723353527567340e+01
8.726190853720877882e+00
8.469123466035142656e+00
9.154314729477457391e+00
9.380273716584781596e+00
7.151676891298264671e+00
8.922147340901068091e+00
8.482028229437188926e+00
6.735047452805226875e+00
1.033568716661961240e+01
6.808693901668891435e+00
6.913352945447266862e+00
6.361146940229549962e+00
7.212830960231206845e+00
9.877002014363506888e+00
9.057540643038018757e+00
1.143612408734061248e+01
1.033780906361154095e+01
8.088207083064284930e+00
8.164660167046022821e+00
7.151676891298264671e+00
7.910964765272253452e+00
6.361146940229549962e+00
5.229474028297400601e+00
5.739277334900178218e+00
7.910964765272253452e+00
1.006343797552595198e+01
9.030433100462447626e+00
7.837139255070073141e+00
6.808693901668891435e+00
1.111348873935570580e+01
6.665414725222849945e+00
9.664794918406521163e+00
8.165823095457247049e+00
9.877002014363506888e+00
8.100349863313452303e+00
1.014939134212328575e+01
7.855412649466684272e+00
9.376362332233936669e+00
9.394404391199994819e+00
7.570437311298818805e+00
5.229474028297400601e+00
7.164447308098818468e+00
9.172946687148877842e+00
8.439840852233400526e+00
5.739277334900178218e+00
8.565785749328599152e+00
7.345752535962830621e+00
8.568747069329734956e+00
7.049402802615273522e+00
8.406576391056937325e+00
1.067073445179543789e+01
8.088207083064284930e+00
4.838027191894033407e+00
5.491966305794095504e+00
7.570437311298818805e+00
7.799643533277352603e+00
5.822801213745771420e+00
8.341673388914109921e+00
7.155609456518761569e+00
8.287381083368430268e+00
1.075266268980856310e+01
9.527659591217338075e+00
8.165823095457247049e+00
1.068590956664351665e+01
1.034385663920603093e+01
9.988496278060432942e+00
4.838027191894033407e+00
7.975024533474047495e+00
7.049402802615273522e+00
8.406576391056937325e+00
1.006343797552595198e+01
1.050179390167480520e+01
4.730102228278902032e+00
4.867630397065400238e+00
6.865183872966472478e+00
7.164447308098818468e+00
9.095665014513047097e+00
7.345752535962830621e+00
4.730102228278902032e+00
8.213757642501558820e+00
7.448863065653947402e+00
8.821856558218835076e+00
9.527659591217338075e+00
1.139358681054140021e+01
3.520181846786382796e+00
8.460735216318189700e+00
4.867630397065400238e+00
7.366811310458706963e+00
7.366811310458706963e+00
6.930742018776945734e+00
1.170686899650858592e+01
8.544010751073471965e+00
1.034385663920603093e+01
8.484486256894399503e+00
8.240386432344214640e+00
1.033856792898461130e+01
8.088290779831034172e+00
9.060609688901575254e+00
7.064046322823811508e+00
6.930742018776945734e+00
7.456515260430799152e+00
3.520181846786382796e+00
9.060609688901575254e+00
7.538114380161609063e+00
7.538114380161609063e+00
9.032957236701903980e+00
8.544010751073471965e+00
9.904391098335988630e+00
7.490649776152768169e+00
8.728627931122696637e+00
5.900900054973706510e+00
5.900900054973706510e+00
7.275042483358527434e+00
8.163852800014870681e+00
1.044386533474545153e+01
9.431451198032091199e+00
9.072438304851829116e+00
9.546386693550665825e+00
7.594396446556884506e+00
7.719997546505273256e+00
9.904391098335988630e+00
8.565130233205536570e+00
7.064046322823811508e+00
8.040010792601790968e+00
8.821504856163828734e+00
7.884692214001001176e+00
8.075005088917281526e+00
7.134871460465270765e+00
4.638246839092852625e+00
8.833372434621614033e+00
8.508054736164194054e+00
6.843789549869760513e+00
7.450644958057849543e+00
8.163852800014870681e+00
7.223920730430257287e+00
8.046536171441047713e+00
7.278090986624490277e+00
6.736001672387388339e+00
8.663021091875084068e+00
7.594396446556884506e+00
3.868296627926115949e+00
3.868296627926115949e+00
4.331238508970548295e+00
9.116714537666041451e+00
8.040010792601790968e+00
4.331238508970548295e+00
1.049560442229487656e+01
8.638958190887974453e+00
9.546386693550665825e+00
1.130430454463734868e+01
4.331238508970548295e+00
6.627988193849215115e+00
6.747785679141036219e+00
9.412682166940674833e+00
7.223920730430257287e+00
8.156975734820562707e+00
8.109409021353810587e+00
6.515838156567626882e+00
7.547218625023917937e+00
7.547218625023917937e+00
4.331238508970548295e+00
8.663021091875084068e+00
9.112955480549180365e+00
5.611235079215391330e+00
1.094810039559223114e+01
8.156975734820562707e+00
6.627988193849215115e+00
6.843789549869760513e+00
6.614750221833218369e+00
8.035183974060828405e+00
7.097157764618769349e+00
6.736001672387388339e+00
6.505314584068448980e+00
6.747785679141036219e+00
7.428818366213524094e+00
8.695981775340916542e+00
8.109409021353810587e+00
8.464967167924704938e+00
1.038647958107139679e+01
7.707768329438676957e+00
6.515838156567626882e+00
7.565137862393938484e+00
1.105721462372611263e+01
6.614750221833218369e+00
8.364456171292333764e+00
7.097157764618769349e+00
8.638958190887974453e+00
7.708314973967892669e+00
6.318919798675923793e+00
9.715972074379825685e+00
1.006401513911966816e+01
7.485408801688638647e+00
9.918248104328993620e+00
7.485408801688638647e+00
6.505314584068448980e+00
8.746006736114198432e+00
8.506333259093571186e+00
7.708314973967892669e+00
6.635279634636150448e+00
7.627461224410986951e+00
7.428818366213524094e+00
7.517483866068262799e+00
6.491486810346025038e+00
9.769096444933097700e+00
9.283766896261537838e+00
9.637396796247447384e+00
1.156715528871342613e+01
1.375845970893789172e+01
8.098025659013227795e+00
1.224013502633042449e+01
9.158496225386597800e+00
7.665760929979017924e+00
9.575241955058752197e+00
5.883244310566677626e+00
9.307286391591734542e+00
9.440638345732686787e+00
7.084721205414294509e+00
7.084721205414294509e+00
6.491486810346025038e+00
7.491761249427190350e+00
6.635279634636150448e+00
8.955191225642298747e+00
5.822014130078930982e+00
8.873415953829413283e+00
6.741390411944114369e+00
1.344240435656459098e+01
8.028023863023332041e+00
9.440638345732686787e+00
7.859152471899377268e+00
9.603289856483545606e+00
6.644175123580310149e+00
5.883244310566677626e+00
7.744622293443966576e+00
8.206735928352346221e+00
9.195781941538241355e+00
1.011136485750057368e+01
5.926534416362930102e+00
9.031427519701505702e+00
5.822014130078930982e+00
9.687206881332993902e+00
1.002411638314166176e+01
7.369063474692939764e+00
1.120882995872772803e+01
8.640411020106990136e+00
6.741390411944114369e+00
6.873530922959909972e+00
8.028023863023332041e+00
8.556126057882682545e+00
8.559116856959661845e+00
7.128428599257913056e+00
1.011014365321668329e+01
8.339310418966778826e+00
1.045843825283320072e+01
5.926534416362930102e+00
1.128308117704357549e+01
7.558814378767691800e+00
1.002411638314166176e+01
6.644175123580310149e+00
1.038779432946343029e+01
7.055096515074992247e+00
6.105948523533010430e+00
7.995056502552404964e+00
7.369063474692939764e+00
8.777900137470536990e+00
6.037678526409435698e+00
6.873530922959909972e+00
4.795734658143788742e+00
8.339310418966778826e+00
8.630756529638855312e+00
1.191244793430178994e+01
8.046990858169719374e+00
5.670467391999734375e+00
1.045180654186549063e+01
9.614565328656880183e+00
7.708140976564097357e+00
6.672041335367118187e+00
7.041134579277408712e+00
5.497839021397275872e+00
7.995056502552404964e+00
4.191530729483528894e+00
7.976394166539723329e+00
5.670467391999734375e+00
7.558814378767691800e+00
4.191530729483528894e+00
8.270654937783358918e+00
1.076458025726561551e+01
3.421001834953181220e+00
2.346787897857588234e+00
7.505907028811266812e+00
9.058538790334308644e+00
6.037678526409435698e+00
6.463124728177960243e+00
7.595000751143573758e+00
6.890191335676117745e+00
5.218342627162205538e+00
8.270654937783358918e+00
1.528044472546621968e+01
5.414656550162901816e+00
3.421001834953181220e+00
2.346787897857588234e+00
1.074630382779311866e+01
8.630756529638855312e+00
7.410054788743629217e+00
8.635941566844412165e+00
7.459947133731626323e+00
6.661150996254311174e+00
7.505907028811266812e+00
5.414656550162901816e+00
1.038779432946343029e+01
1.011014365321668329e+01
6.138207570578540384e+00
6.463124728177960243e+00
8.964231543106059519e+00
8.733709183949407873e+00
1.073911585130141155e+01
7.794136422301744638e+00
8.306710099629688315e+00
7.962442301394490940e+00
6.880751025043174707e+00
9.552977048907417057e+00
6.785480252043381455e+00
8.380681085157357657e+00
1.045180654186549063e+01
9.058538790334308644e+00
8.266680749015007379e+00
4.693575795715176469e+00
7.341283703616791279e+00
7.459947133731626323e+00
8.013993378268999379e+00
6.138207570578540384e+00
7.867751038594540169e+00
7.548546000328096639e+00
1.125870943139288727e+01
8.306710099629688315e+00
1.089435467954848491e+01
6.257621219790943101e+00
9.272782338297927751e+00
7.168305074342019800e+00
4.988804750172827873e+00
6.785480252043381455e+00
4.988804750172827873e+00
7.227739442541084358e+00
8.859772519886991660e+00
8.966826021140407832e+00
8.266680749015007379e+00
8.148773811592047167e+00
8.366138313260188752e+00
6.880751025043174707e+00
6.257621219790943101e+00
9.248933938434138469e+00
7.548546000328096639e+00
7.168305074342019800e+00
4.693575795715176469e+00
7.797597340073769701e+00
6.731292377835138119e+00
7.962442301394490940e+00
7.681594320293525513e+00
7.341283703616791279e+00
7.154870566291347878e+00
6.921152424072481324e+00
8.380681085157357657e+00
9.581763879280105201e+00
1.083483950397964080e+01
7.005761572755432987e+00
8.115674270519015465e+00
9.164378994131379130e+00
7.979941595741809834e+00
7.877325391170312940e+00
8.966175642558726011e+00
7.385197334592760399e+00
8.919702288342554297e+00
8.937490843700201637e+00
8.713640499164524655e+00
1.084654021400297985e+01
1.270334061989140118e+01
8.896539516245315582e+00
9.167607578303705651e+00
6.731292377835138119e+00
7.870834445963624582e+00
9.096451858960245218e+00
9.407465645537234522e+00
7.482926032489249479e+00
9.581763879280105201e+00
6.444652551093218662e+00
4.730102228278902032e+00
7.154870566291347878e+00
7.482926032489249479e+00
6.921152424072481324e+00
5.897672889711286004e+00
7.651633932676386252e+00
6.855041981689295127e+00
8.319018839158784928e+00
6.855041981689295127e+00
7.823249916318213870e+00
7.278090986624490277e+00
7.005761572755432987e+00
7.573724579449470973e+00
8.931497897893169835e+00
7.127824981102019564e+00
4.730102228278902032e+00
6.656360950619761851e+00
7.763137302387261407e+00
6.457932196586013696e+00
8.833102625074257475e+00
8.396132925711587092e+00
7.812392937354519340e+00
7.870834445963624582e+00
8.396893082948736264e+00
1.217613279671179249e+01
6.444652551093218662e+00
4.935854057378928239e+00
8.217381490714162240e+00
9.407465645537234522e+00
7.852934434308552980e+00
8.760931010216445713e+00
9.532141799183630582e+00
6.891023801632575108e+00
6.440736431871686207e+00
8.375356865475971802e+00
6.656360950619761851e+00
5.643280801317796858e+00
8.181781160579999934e+00
6.457932196586013696e+00
9.267850522819111703e+00
7.127824981102019564e+00
8.396132925711587092e+00
7.979941595741809834e+00
4.279555327154848321e+00
5.643280801317796858e+00
9.735069887967815916e+00
8.411597012554219432e+00
4.279555327154848321e+00
4.935854057378928239e+00
7.573724579449470973e+00
5.806328504261563772e+00
1.141711895991165093e+01
8.246478172403421070e+00
8.246478172403421070e+00
8.273143920661620854e+00
5.806328504261563772e+00
6.440736431871686207e+00
8.256013152644468889e+00
6.939443147627240904e+00
8.273143920661620854e+00
9.276783564083752154e+00
9.234698742097219082e+00
7.188624321539628603e+00
7.331599767465565520e+00
7.122039577365123719e+00
9.553086998142402919e+00
6.891023801632575108e+00
7.581683250520346640e+00
7.709809552022284684e+00
7.849217970248407283e+00
6.983912245735359292e+00
8.531900745901323191e+00
9.241942873769454891e+00
7.816072130924244910e+00
6.882591797333075689e+00
8.875534754274395866e+00
7.629967932864619939e+00
7.095976832529505174e+00
7.869886758884472755e+00
8.424976724571822118e+00
8.635198482624819150e+00
6.202828881033084940e+00
8.002004840262577190e+00
7.873897154200727222e+00
8.394765049050516126e+00
7.702418542291203707e+00
6.460979658246706947e+00
5.984596729182579011e+00
9.099718816835110857e+00
7.404916655010644000e+00
9.973657267787041647e+00
8.775163748139490849e+00
1.174847604880209495e+01
1.137662461663179414e+01
1.133924188446268211e+01
7.629967932864619939e+00
7.095976832529505174e+00
7.979558165912857604e+00
6.202828881033084940e+00
7.709809552022284684e+00
9.173639344663181205e+00
5.801942329930669828e+00
6.882591797333075689e+00
9.359209198557804754e+00
6.460979658246706947e+00
7.816072130924244910e+00
7.172430502042073108e+00
7.661521492937565903e+00
9.195762186795555237e+00
6.506195861764644484e+00
1.137016717710084457e+01
9.751831749022493057e+00
7.106117577505673744e+00
8.472895049923002020e+00
5.984596729182579011e+00
9.879764652282622350e+00
7.404916655010644000e+00
8.561611110548842163e+00
7.977582311540552418e+00
8.670928853904591449e+00
5.801942329930669828e+00
7.661521492937565903e+00
7.191526563380895354e+00
7.818281460843535591e+00
7.369741259679693179e+00
9.973657267787041647e+00
7.979558165912857604e+00
6.213626139305543639e+00
1.019165988548310864e+01
6.506195861764644484e+00
8.326581709478336535e+00
1.052027151995040910e+01
7.839100104887183562e+00
7.106117577505673744e+00
7.774144758317924619e+00
8.286087353331540228e+00
8.472895049923002020e+00
8.707146803061089457e+00
1.019165988548310864e+01
8.325925808832288055e+00
7.164539278617533924e+00
8.539949213738278644e+00
8.019796816466271849e+00
6.749487522343468271e+00
7.737814737533879494e+00
6.742168160373756436e+00
1.031123760071349871e+01
9.809506179538283632e+00
7.191526563380895354e+00
6.213626139305543639e+00
1.263651166012346749e+01
8.688240900629265795e+00
8.641634625350249621e+00
6.460020382469921607e+00
1.349001143016247184e+01
9.276493678185705249e+00
8.325925808832288055e+00
4.582249854665971789e+00
8.707146803061089457e+00
1.005405642076413208e+01
1.030959527790713004e+01
6.742168160373756436e+00
4.582249854665971789e+00
9.694562879554894153e+00
1.095246258335935607e+01
7.737814737533879494e+00
6.547817199752153705e+00
8.641634625350249621e+00
8.019796816466271849e+00
8.392898944034087094e+00
6.460020382469921607e+00
9.809506179538283632e+00
8.415805310555434460e+00
8.392898944034087094e+00
8.271592535035285465e+00
7.912261511849481010e+00
7.318337642041465863e+00
9.276493678185705249e+00
8.135070850526531672e+00
6.547817199752153705e+00
1.358036994397362029e+01
8.415805310555434460e+00
1.369894551364177637e+01
1.061453015267652766e+01
9.490834867247871287e+00
7.724845638562931605e+00
7.724845638562931605e+00
7.435954886194721780e+00
7.894481985965648541e+00
1.033379827065306245e+01
5.893336106507380379e+00
1.092172804536940234e+01
7.658826381537143568e+00
9.154165040320737745e+00
1.022995340320836277e+01
7.778106235535500623e+00
7.318337642041465863e+00
1.061198151297068648e+01
1.031612136511872535e+01
9.573488394565609738e+00
9.487760374992035395e+00
8.271592535035285465e+00
5.893336106507380379e+00
1.202560128111103843e+01
9.034223260986083304e+00
7.524907694581700390e+00
7.524907694581700390e+00
7.894481985965648541e+00
7.829409066280395457e+00
8.123549147719524299e+00
1.275002936612036386e+01
9.573488394565609738e+00
1.106270877353900062e+01
7.778106235535500623e+00
9.577431609402736967e+00
1.029196417885676773e+01
7.044360604764056788e+00
7.725173899649973031e+00
7.675747177472423743e+00
7.551974961542464726e+00
7.884840207105216159e+00
1.254274017036067512e+01
7.164104541956456629e+00
6.507973587645000002e+00
9.034223260986083304e+00
7.044852290581864906e+00
7.944307597558751155e+00
7.390855480739482175e+00
6.652107721128277973e+00
8.632521757058022160e+00
7.164104541956456629e+00
7.675747177472423743e+00
7.675685567699473744e+00
1.029196417885676773e+01
7.841856210225470747e+00
6.507973587645000002e+00
1.137480300076617468e+01
6.827902661044490173e+00
7.551974961542464726e+00
7.884840207105216159e+00
1.019149712619898196e+01
7.044852290581864906e+00
7.044360604764056788e+00
6.009971764195599420e+00
1.283567815087211805e+01
8.683703748870780004e+00
8.239813933291877390e+00
7.549760102611887902e+00
7.725173899649973031e+00
1.442944683597573352e+01
7.390855480739482175e+00
6.652107721128277973e+00
1.268739406162685412e+01
9.038742033874457960e+00
7.110633940139591047e+00
8.239813933291877390e+00
8.632521757058022160e+00
6.009971764195599420e+00
1.051202617286350538e+01
1.105407960759664299e+01
7.668907746264527425e+00
7.183190078857381700e+00
7.549760102611887902e+00
7.668907746264527425e+00
1.085772462694217921e+01
1.106811328769385838e+01
8.683703748870780004e+00
1.019149712619898196e+01
1.106811328769385838e+01
7.110633940139591047e+00
7.120717398978169577e+00
7.120717398978169577e+00
8.036011587173092607e+00
7.675685567699473744e+00
8.889801624544411141e+00
6.039799443332730000e+00
9.798951262157119757e+00
8.516398902429937579e+00
4.889141453869958021e+00
7.647919006412982057e+00
7.926435696444436907e+00
7.452106965217573986e+00
1.091078667425090032e+01
9.060833634156315597e+00
1.589437553752283527e+01
7.452106965217573986e+00
7.183190078857381700e+00
1.124637010275725046e+01
9.260599526947732585e+00
7.526465094255795130e+00
8.668897407880519879e+00
4.889141453869958021e+00
8.209227879634815039e+00
8.243089711489638205e+00
8.076618422904674688e+00
8.799694050985506166e+00
8.076618422904674688e+00
8.036011587173092607e+00
7.645786369611792921e+00
9.312478569219305058e+00
7.394250639240206979e+00
6.039799443332730000e+00
3.417257805557043060e+00
8.677985063257029452e+00
9.888147371202251179e+00
7.614313472184168319e+00
6.773941688289800034e+00
6.773941688289800034e+00
8.668897407880519879e+00
3.417257805557043060e+00
7.897524183715275647e+00
7.568612754406812471e+00
8.209227879634815039e+00
9.060833634156315597e+00
8.367713599946984715e+00
3.661645198448049587e+00
7.645786369611792921e+00
7.146211654365262511e+00
1.197670020911531275e+01
1.080615155812881234e+01
7.552008713106876492e+00
7.772624440323991912e+00
9.183000820195736935e+00
7.614313472184168319e+00
9.784304475938974122e+00
9.092649380549602256e+00
1.103309273685719738e+01
7.567675805995566662e+00
5.745844915532166475e+00
8.590189224562564618e+00
7.533928408496364248e+00
3.661645198448049587e+00
1.058325416544216857e+01
6.157803302915725752e+00
5.107339538368312226e+00
6.106919162554328651e+00
9.737227013891509131e+00
9.269770937868010208e+00
1.042062774318110918e+01
7.077396484224157902e+00
5.107339538368312226e+00
1.103309273685719738e+01
8.991394886680973642e+00
6.664493431024607339e+00
7.021173731173980137e+00
6.283244595882579553e+00
7.146211654365262511e+00
7.718013990733095575e+00
9.913761444500650555e+00
6.157803302915725752e+00
9.132336926756725148e+00
5.745844915532166475e+00
6.752217954198211025e+00
7.852721507960302105e+00
9.679023346537354300e+00
7.567675805995566662e+00
1.069549869501035211e+01
7.467433364617306779e+00
9.627751178043043367e+00
9.132336926756725148e+00
7.077396484224157902e+00
7.677383052452663392e+00
8.305083626589544465e+00
6.218987929322616459e+00
9.849203081245640590e+00
7.395275160440018425e+00
9.856700631648854127e+00
9.048869519270382966e+00
7.677383052452663392e+00
8.346737375935926906e+00
7.106605501609568165e+00
7.106605501609568165e+00
7.852721507960302105e+00
6.106919162554328651e+00
6.943648832800231041e+00
6.664493431024607339e+00
9.625397102037201336e+00
7.718013990733095575e+00
6.300166724060139778e+00
9.913761444500650555e+00
9.652238682364520983e+00
6.218987929322616459e+00
6.752217954198211025e+00
9.596933320400694356e+00
1.072348336188615647e+01
1.215921910919166216e+01
8.745699731173145253e+00
7.216486894721377610e+00
8.117453322467042653e+00
7.666773627393325796e+00
8.303138405351564444e+00
1.083940076299159827e+01
7.241846757484411867e+00
1.200670018756684776e+01
9.931284475771978038e+00
7.565048300688974159e+00
8.441170950335191492e+00
7.812954216041087641e+00
5.986896949015427793e+00
7.606171725920719773e+00
7.395275160440018425e+00
1.034911031050247132e+01
1.060512184911553746e+01
1.079329762198880260e+01
6.263053335065709604e+00
9.409352330363839556e+00
6.300166724060139778e+00
7.737295260935534102e+00
8.054996417167620493e+00
1.108165921470360971e+01
7.067182687448626766e+00
8.419585657114577515e+00
8.815999223008603281e+00
9.102903670487281218e+00
5.986896949015427793e+00
8.745699731173145253e+00
8.303138405351564444e+00
1.156521130064352931e+01
7.246199537853253325e+00
7.351292019486858287e+00
1.120384821574979206e+01
7.750425807860093386e+00
7.246199537853253325e+00
7.483862301855784160e+00
9.709616899442742977e+00
5.814585037487665531e+00
1.087727962944462945e+01
7.565048300688974159e+00
6.927212462823656658e+00
1.194918729124247214e+01
1.146167853616600674e+01
6.675524241207896559e+00
9.924651039402089481e+00
9.931284475771978038e+00
7.483862301855784160e+00
9.409352330363839556e+00
7.750425807860093386e+00
8.054996417167620493e+00
7.121651727649123131e+00
5.814585037487665531e+00
8.123998004436698395e+00
7.296812327905451312e+00
1.282001248987575970e+01
6.414858104480119394e+00
9.724088802849630397e+00
1.034911031050247132e+01
7.351292019486858287e+00
7.303615705857208873e+00
7.741690704815442636e+00
6.501230536992530951e+00
6.663443859954723436e+00
5.280272770179573527e+00
8.150267047738212867e+00
6.927212462823656658e+00
7.303615705857208873e+00
7.340121222857905359e+00
8.292572442058407489e+00
6.414858104480119394e+00
3.640196856520793389e+00
1.418022673886153306e+01
8.236929618983904078e+00
7.741690704815442636e+00
6.663443859954723436e+00
5.280272770179573527e+00
7.041042708252800431e+00
9.837531421879928573e+00
1.098392479487656104e+01
8.600704406062774865e+00
7.312814020246075408e+00
8.045752764330895701e+00
8.465799272723572244e+00
1.037045645762446178e+01
8.491817901374851374e+00
7.041042708252800431e+00
8.250972978381684086e+00
9.102246230666782623e+00
6.825101378151730458e+00
1.297917518844489670e+01
9.666299587751696620e+00
8.843535240574516010e+00
8.694769388350541917e+00
8.398235658987628582e+00
7.724730659751882555e+00
1.194863421587746899e+01
7.815566614446462168e+00
7.039445554371622116e+00
1.065999873810077148e+01
7.724730659751882555e+00
7.553812239106606263e+00
6.298578316326416626e+00
1.011242503590070285e+01
3.640196856520793389e+00
7.815566614446462168e+00
9.623042652932044305e+00
8.809461581641725658e+00
1.011242503590070285e+01
6.190112084851056906e+00
7.442226567767526113e+00
9.761705641994716132e+00
1.141942086038938875e+01
7.982744866625174573e+00
6.825101378151730458e+00
5.964752573721366247e+00
7.682936570367098206e+00
6.012872805932619080e+00
8.491817901374851374e+00
8.368045721136351034e+00
6.427246955505744985e+00
7.553812239106606263e+00
9.102246230666782623e+00
7.606976207450871108e+00
7.442226567767526113e+00
9.374942100148423663e+00
1.037045645762446178e+01
5.887305922586947737e+00
7.039445554371622116e+00
6.190112084851056906e+00
7.192244483609329997e+00
9.313601161393920691e+00
6.794986294287749473e+00
9.143892222311194473e+00
7.399615704231923274e+00
9.978399990068647085e+00
8.535508462400564156e+00
1.121379224409801090e+01
5.401026281504315740e+00
1.096256703832300694e+01
1.410235331790521229e+01
5.887305922586947737e+00
6.427246955505744985e+00
8.314852610499810837e+00
8.630509434342156894e+00
8.313226074241518049e+00
6.516543847033503312e+00
7.218533769039916947e+00
1.005113679080830025e+01
9.886131712753719825e+00
7.747571045348260910e+00
6.581320348326322289e+00
7.606976207450871108e+00
6.794986294287749473e+00
8.435479325442312160e+00
1.031844221035924569e+01
8.871704840267344849e+00
7.796218014794987994e+00
6.516543847033503312e+00
9.034890255009425886e+00
5.401026281504315740e+00
1.351701352133495071e+01
7.142580151706715341e+00
6.581320348326322289e+00
8.314852610499810837e+00
8.630509434342156894e+00
1.049603495091865213e+01
7.310655217785778426e+00
7.025769376360172735e+00
9.004519115254382200e+00
1.126121003832859202e+01
6.369206830989914359e+00
6.369206830989914359e+00
1.049603495091865213e+01
7.259936714990383955e+00
8.628884520919729795e+00
1.106756496249063382e+01
8.313226074241518049e+00
8.999326333346342466e+00
8.435479325442312160e+00
8.592588950328659436e+00
9.173440538670027067e+00
7.914648738372127568e+00
8.557544381907380426e+00
7.773876803466564844e+00
7.635888218384229376e+00
6.414908886075676442e+00
1.181682683577519022e+01
8.478374648392604129e+00
7.025769376360172735e+00
9.367992680955472551e+00
7.511168437066968906e+00
7.259936714990383955e+00
7.686035153245844853e+00
7.969420547836295832e+00
8.023209078802258531e+00
6.505314584068425887e+00
1.583581747647378535e+01
7.773876803466564844e+00
9.173440538670027067e+00
7.914648738372127568e+00
5.924187043862242597e+00
9.918181519650557831e+00
8.613124759430126787e+00
8.633414503741834167e+00
7.142580151706715341e+00
8.663033451887958591e+00
9.550957261264951370e+00
5.924187043862242597e+00
6.637718546326494717e+00
8.150925520298045512e+00
8.636792013062045470e+00
7.511168437066968906e+00
6.505314584068425887e+00
1.146412983888051151e+01
7.632293491996308354e+00
9.836656921864131320e+00
8.362333294436862019e+00
7.574860913252503103e+00
1.112233277256797948e+01
7.686035153245844853e+00
8.150925520298045512e+00
7.906393287226926248e+00
9.128531611530423362e+00
9.794577334248881328e+00
1.243315810871076366e+01
7.266714266925759169e+00
8.560919479762608475e+00
4.774366165588221023e+00
5.916273554459296591e+00
8.461554498138429636e+00
8.535032649650837300e+00
8.636792013062045470e+00
8.461554498138429636e+00
9.046726550840624270e+00
9.554195275677194843e+00
5.866969744643996343e+00
1.082741812457540576e+01
9.179299609122502090e+00
7.906393287226926248e+00
8.369404806223991855e+00
4.774366165588221023e+00
9.207147908170115969e+00
8.336748761082313663e+00
5.916273554459296591e+00
8.336748761082313663e+00
9.836656921864131320e+00
8.362333294436862019e+00
9.247987055419365277e+00
7.143483950736386312e+00
7.731957326190463498e+00
1.126167860783369434e+01
8.345132887951979939e+00
1.056974793577631466e+01
7.266714266925759169e+00
8.560919479762608475e+00
9.818495139189348464e+00
8.824292315308980506e+00
9.753685043376778552e+00
6.696608645957053518e+00
8.990319821107492615e+00
7.419763920585025652e+00
1.375479256645929738e+01
5.866969744643996343e+00
8.269097892777914183e+00
7.672556959641301688e+00
6.289435349462258351e+00
1.038850354783498275e+01
8.600624643398418812e+00
8.269097892777914183e+00
8.369404806223991855e+00
6.289435349462258351e+00
1.010458293233742921e+01
6.938254614904900919e+00
9.207147908170115969e+00
7.143483950736386312e+00
7.825370264958593225e+00
7.714842132284058351e+00
6.405045690701565597e+00
8.387064003932067635e+00
7.419763920585025652e+00
9.368962660549986055e+00
7.607255806426005407e+00
6.499668119106257969e+00
8.990319821107492615e+00
8.502058138899396766e+00
8.411128544271580409e+00
6.167732847868707680e+00
7.134206655109554873e+00
6.437274988629376082e+00
9.112791132209679290e+00
9.950076264017928551e+00
7.867891045071268685e+00
4.602899336896626004e+00
6.499668119106257969e+00
6.405045690701565597e+00
9.112791132209679290e+00
7.885019626457849817e+00
8.748694800217400314e+00
7.864682121607711629e+00
6.819736284954552197e+00
9.259378879696091857e+00
1.051768543626767283e+01
9.929559223117106370e+00
9.365003371103691521e+00
9.259378879696091857e+00
8.502058138899396766e+00
5.600277298792249780e+00
7.846785281894132602e+00
7.627060668037161761e+00
9.199302924933620673e+00
7.680966472999984695e+00
9.791378471927101756e+00
5.600277298792249780e+00
8.800454616965957655e+00
7.919356115220543835e+00
6.819736284954552197e+00
6.167732847868707680e+00
4.602899336896626004e+00
7.889658746535576306e+00
7.040363693572765591e+00
1.002690880688705555e+01
7.885019626457849817e+00
7.290167328132627134e+00
8.680253116059311935e+00
9.130545602188185228e+00
8.906361181566987639e+00
9.929559223117106370e+00
8.597151747452750570e+00
7.413216158957950164e+00
8.635436318069528383e+00
7.268231296859558377e+00
7.967298603741987506e+00
9.084072186369374080e+00
8.464106212394659323e+00
6.596472875201734531e+00
8.576502749266699865e+00
7.627060668037161761e+00
1.073162040217767377e+01
8.597151747452750570e+00
9.679475878220992868e+00
7.783568473602241689e+00
9.283138400435309023e+00
8.719126869799174173e+00
8.501666851030915240e+00
7.719077398197821793e+00
7.437689192048233089e+00
9.201571603395718668e+00
7.680966472999984695e+00
7.211786930584475286e+00
7.245026539134453714e+00
7.239178100203459643e+00
7.805169358818833558e+00
8.338530724823577600e+00
7.040363693572765591e+00
6.084055831102023859e+00
6.084055831102023859e+00
1.073219020035061710e+01
8.501666851030915240e+00
7.967298603741987506e+00
6.553319195581986278e+00
7.437689192048233089e+00
7.889658746535576306e+00
7.413216158957950164e+00
7.927259479606066250e+00
9.591194663531613429e+00
9.921777043211225333e+00
7.268231296859558377e+00
8.906361181566987639e+00
8.321968218473356771e+00
5.274073524852066264e+00
8.838670629380059651e+00
8.338530724823577600e+00
8.635436318069528383e+00
8.591711967195905686e+00
7.239178100203459643e+00
4.693575795715176469e+00
9.201571603395718668e+00
8.719126869799174173e+00
7.094612205551257489e+00
7.713381301735410922e+00
5.274073524852066264e+00
7.927259479606066250e+00
7.923702665370250919e+00
8.863210433695430268e+00
7.211786930584475286e+00
9.659139614385576778e+00
1.071906772254414264e+01
8.656302807686161671e+00
8.580277328847559559e+00
4.693575795715176469e+00
1.073162040217767377e+01
1.012034802709937154e+01
7.788269015151231933e+00
9.072691620714197214e+00
6.055727710041127310e+00
1.038533982164573111e+01
6.805684903786996642e+00
8.424907935629986966e+00
9.145298310768325223e+00
7.904607892123404866e+00
7.735307836449687890e+00
8.321968218473356771e+00
6.055727710041127310e+00
7.094612205551257489e+00
9.348191748137072210e+00
8.675254654214056060e+00
8.260672377943180322e+00
9.477474005672807067e+00
8.276207206970424224e+00
6.805684903786996642e+00
7.351292019486870721e+00
7.277670579335167922e+00
7.610293307606037061e+00
1.008013883876424366e+01
8.863210433695430268e+00
9.171065572390624254e+00
9.621830381216115669e+00
7.923702665370250919e+00
1.012034802709937154e+01
9.599606737207819762e+00
9.009250286465329438e+00
7.472553305818466107e+00
8.260672377943180322e+00
8.363547775763160885e+00
7.602660518058157457e+00
9.040683333709866432e+00
7.973377360850147255e+00
7.735307836449687890e+00
7.827025316632152396e+00
7.827025316632152396e+00
8.726899427995782332e+00
9.023675564230023483e+00
8.394090728905410970e+00
8.363547775763160885e+00
7.277670579335167922e+00
9.100240823642426591e+00
9.294015740769260958e+00
9.009250286465329438e+00
9.040683333709866432e+00
6.645768577752498629e+00
6.521696873391002569e+00
7.610293307606037061e+00
1.004280902561571232e+01
1.102088930018050839e+01
9.599606737207819762e+00
1.244151727151838216e+01
7.310157989158279079e+00
8.837241855402986346e+00
1.062167127945142120e+01
8.514251047234315806e+00
8.154108234095156504e+00
7.933989547719924929e+00
9.719720327043445351e+00
7.351292019486870721e+00
6.031544199375681536e+00
1.333751003662280610e+01
9.237077605008316539e+00
7.723668823207096246e+00
7.984445516975595680e+00
6.521696873391002569e+00
9.767403404775915732e+00
9.100240823642426591e+00
1.036163064629833208e+01
8.960903439435206508e+00
8.475329712159815898e+00
8.394090728905410970e+00
7.068964173794228145e+00
6.031544199375681536e+00
7.933989547719924929e+00
1.029873233536183363e+01
6.757080977760955953e+00
7.310157989158279079e+00
7.121170758052180361e+00
8.009888068700018238e+00
1.435850696059607046e+01
8.297148182908118841e+00
9.042973971557454860e+00
6.142045940302021556e+00
6.976464120484502374e+00
7.121170758052180361e+00
8.203710940611484759e+00
1.072028373862564798e+01
7.511783596517006778e+00
1.102088930018050839e+01
6.576896635321809015e+00
6.622143119590446325e+00
5.662765644102113249e+00
8.840761476779734451e+00
5.772334995221711118e+00
8.203710940611484759e+00
1.072028373862564798e+01
7.511783596517006778e+00
6.112991142394726296e+00
9.253562703972068704e+00
8.477590060907981950e+00
1.286845959054719657e+01
8.297148182908118841e+00
8.381804408282649277e+00
1.029873233536183363e+01
6.757080977760955953e+00
1.008586535196229406e+01
7.349991251181637431e+00
6.954277406626634850e+00
5.662765644102113249e+00
6.576896635321809015e+00
6.142045940302021556e+00
7.628460507239623212e+00
9.726019000558368433e+00
1.043402997554858302e+01
1.092867414787706615e+01
1.021204842887939712e+01
1.056054554035914705e+01
5.772334995221711118e+00
6.976464120484502374e+00
0.000000000000000000e+00
